1962 -12.5
1963 -nan
1964 -nan
1965 -23.225
1966 -31.5
1967 -29.9
1968 -24.675
1969 -23.375
1970 -26.425
1971 -21.125
1972 -20.7
1973 -26.5125
1974 -13.6
1975 -20.1
1976 -22
1977 -22.7875
1978 -31.3625
1979 -26
1980 -22.5875
1981 -23.625
1982 -24.1875
1983 -21.575
1984 -21.025
1985 -30.0125
1986 -26.625
1987 -31.3125
1988 -20.725
1989 -22.8
1990 -22.1125
1991 -16.1375
1992 -15.4625
1993 -19.8625
1994 -25.8625
1995 -21.1625
1996 -20.9875
1997 -18.7625
1998 -20.5
1999 -29.7625
2000 -16.8375
2001 -23.1833
2002 -22.86
2003 -29.15
2004 -22.2857
2005 -17.3375
2006 -21.3875
2007 -21.85
2008 -10.6875
2009 -22.1875
2010 -25.4333
2011 -23.8333
2012 -24.5375
2013 -21.1458
2014 -18.0708
2015 -14.2167
