1961 -9.86667
1962 -8.93333
1963 -13.0333
1964 -7.2
1965 -10.3333
1966 -11.3333
1967 -9.83333
1968 -13.2667
1969 -10.6667
1970 -8.56667
1971 -8.26667
1972 -7.2
1973 -9.7
1974 -1.66667
1975 -4.6
1976 -8.82
1977 -4.22
1978 -11.74
1979 -12.58
1980 -10.98
1981 -12.3
1982 -14.1667
1983 -7.2
1984 -5.56667
1985 -14
1986 -11.9667
1987 -20.0667
1988 -7.26667
1989 -5.26667
1990 -1.6
1991 -5.26667
1992 -4.03333
1993 -5.46667
1994 -4.7
1995 -11.7667
1996 -14.4333
1997 -11.5
1998 -8.9
1999 -11.2
2000 -9.15
2001 -16.4
2002 -11.7
2003 -10
2004 -10.9
2005 -11.05
2006 -10.2
2007 -8.05
2008 -3.85
2009 -9
2010 -11.75
2011 -11.75
2012 -12.85
2013 -11.15
2014 -7.25
2015 -3.4
