1962 -22.1333
1963 -21.4667
1964 -23.3333
1965 -23.1042
1966 -32.0167
1967 -30.6917
1968 -25.7375
1969 -23.2292
1970 -25.8208
1971 -21.7708
1972 -20.6708
1973 -26.5042
1974 -13.7417
1975 -20.45
1976 -22.1667
1977 -22.1375
1978 -31.2875
1979 -26.2
1980 -22.5208
1981 -23.2042
1982 -24.2875
1983 -21.5667
1984 -21.125
1985 -30.2125
1986 -26.5286
1987 -31.075
1988 -21.7
1989 -22.9826
1990 -21.1818
1991 -15.9292
1992 -15.4625
1993 -19.8625
1994 -25.8625
1995 -21.1625
1996 -20.9875
1997 -18.7625
1998 -19.8348
1999 -29.6292
2000 -16.6917
2001 -23.5174
2002 -23.3923
2003 -29.55
2004 -21.6292
2005 -16.8833
2006 -22.0833
2007 -21.4
2008 -10.4792
2009 -22.0917
2010 -25.4348
2011 -23.8333
2012 -24.5375
2013 -21.1458
2014 -18.0708
2015 -14.2167
