2010-01-15 0.808081 0 81
2010-01-16 0.813131 0.0625 75
2010-01-17 0.929293 0.125 80
2010-01-18 0.944444 0.1875 76
2010-01-19 0.843434 0.25 59
2010-01-20 0.883838 0.3125 57
2010-01-21 0.813131 0.375 44
2010-01-22 0.535354 0.4375 10
2010-01-23 0.424242 0.5 8
2010-01-24 0.29798 0.5625 26
2010-01-25 0.141414 0.625 48
2010-01-26 0.732323 0.6875 4
2010-01-27 0.888889 0.75 14
2010-01-28 0.409091 0.8125 40
2010-01-29 0 0.875 88
2010-01-30 0.621212 0.9375 32
2010-01-31 0.828283 1 17
2010-02-01 0.813131 0.928571 12
2010-02-02 0.919192 0.857143 6
2010-02-03 0.661616 0.785714 12
2010-02-04 1 0.714286 29
2010-02-05 0.888889 0.642857 25
2010-02-06 0.737374 0.571429 17
2010-02-07 0.530303 0.5 3
2010-02-08 0.651515 0.428571 22
2010-02-09 0.686869 0.357143 33
2010-02-10 0.459596 0.285714 17
2010-02-11 0.525253 0.214286 31
2010-02-12 0.671717 0.142857 53
2010-02-13 0.727273 0.0714286 66
2010-02-14 0.472393 0 47
2010-02-15 0.539877 0.0666667 47
2010-02-16 0.625767 0.133333 49
2010-02-17 0.705521 0.2 51
2010-02-18 0.828221 0.266667 56
2010-02-19 0.779141 0.333333 45
2010-02-20 0.0920245 0.4 31
2010-02-21 0.325153 0.466667 14
2010-02-22 0.398773 0.533333 13
2010-02-23 0.263804 0.6 34
2010-02-24 0.840491 0.666667 17
2010-02-25 1 0.733333 27
2010-02-26 0.95092 0.8 15
2010-02-27 0.96319 0.866667 10
2010-02-28 0.877301 0.933333 6
2010-03-01 0.717791 1 28
2010-03-02 0.644172 0.928571 28
2010-03-03 0.0858896 0.857143 77
2010-03-04 0 0.785714 79
2010-03-05 0.141104 0.714286 57
2010-03-06 0.503067 0.642857 14
2010-03-07 0.349693 0.571429 22
2010-03-08 0.466258 0.5 3
2010-03-09 0.447853 0.428571 2
2010-03-10 0.711656 0.357143 35
2010-03-11 0.877301 0.285714 59
2010-03-12 0.895706 0.214286 68
2010-03-13 0.791411 0.142857 65
2010-03-14 0.607362 0.0714286 54
2010-03-15 0 0
2010-03-16 0.475 0.0625 41
2010-03-17 0.604167 0.125 48
2010-03-18 0.675 0.1875 49
2010-03-19 0.720833 0.25 47
2010-03-20 0.754167 0.3125 44
2010-03-21 0.491667 0.375 12
2010-03-22 0.675 0.4375 24
2010-03-23 0.425 0.5 8
2010-03-24 0.6375 0.5625 7
2010-03-25 1 0.625 38
2010-03-26 0.679167 0.6875 1
2010-03-27 0.695833 0.75 5
2010-03-28 0.695833 0.8125 12
2010-03-29 0.6 0.875 28
2010-03-30 0.804167 0.9375 13
2010-03-31 0.475 1 52
2010-04-01 0.5125 0.928571 42
2010-04-02 0.625 0.857143 23
2010-04-03 0.575 0.785714 21
2010-04-04 0.654167 0.714286 6
2010-04-05 0.658333 0.642857 2
2010-04-06 0.7 0.571429 13
2010-04-07 0.783333 0.5 28
2010-04-08 0.758333 0.428571 33
2010-04-09 0.6875 0.357143 33
2010-04-10 0.829167 0.285714 54
2010-04-11 0.666667 0.214286 45
2010-04-12 0.629167 0.142857 49
2010-04-13 0.745833 0.0714286 67
2010-04-14 0.282511 0 28
2010-04-15 0.390135 0.0625 33
2010-04-16 0.390135 0.125 27
2010-04-17 0.461883 0.1875 27
2010-04-18 0.255605 0.25 1
2010-04-19 0 0.3125 31
2010-04-20 0.139013 0.375 24
2010-04-21 0.237668 0.4375 20
2010-04-22 0.286996 0.5 21
2010-04-23 0.313901 0.5625 25
2010-04-24 0.381166 0.625 24
2010-04-25 0.869955 0.6875 18
2010-04-26 0.623318 0.75 13
2010-04-27 0.686099 0.8125 13
2010-04-28 1 0.875 12
2010-04-29 0.892377 0.9375 5
2010-04-30 0.627803 1 37
2010-05-01 0.591928 0.928571 34
2010-05-02 0.430493 0.857143 43
2010-05-03 0.331839 0.785714 45
2010-05-04 0.358744 0.714286 36
2010-05-05 0.273543 0.642857 37
2010-05-06 0.358744 0.571429 21
2010-05-07 0.300448 0.5 20
2010-05-08 0.408072 0.428571 2
2010-05-09 0.470852 0.357143 11
2010-05-10 0.484305 0.285714 20
2010-05-11 0.41704 0.214286 20
2010-05-12 0.565022 0.142857 42
2010-05-13 0.641256 0.0714286 57
2010-05-14 0.0335196 0 3
2010-05-15 0 0.0666667 7
2010-05-16 0.251397 0.133333 12
2010-05-17 0.497207 0.2 30
2010-05-18 0.787709 0.266667 52
2010-05-19 0.932961 0.333333 60
2010-05-20 0.899441 0.4 50
2010-05-21 0.927374 0.466667 46
2010-05-22 0.759777 0.533333 23
2010-05-23 0.430168 0.6 17
2010-05-24 0.212291 0.666667 45
2010-05-25 0.312849 0.733333 42
2010-05-26 0.329609 0.8 47
2010-05-27 0.134078 0.866667 73
2010-05-28 0.340782 0.933333 59
2010-05-29 0.335196 1 66
2010-05-30 0.558659 0.928571 37
2010-05-31 0.402235 0.857143 45
2010-06-01 0.960894 0.785714 18
2010-06-02 0.575419 0.714286 14
2010-06-03 1 0.642857 36
2010-06-04 0.882682 0.571429 31
2010-06-05 0.916201 0.5 42
2010-06-06 0.463687 0.428571 4
2010-06-07 0.782123 0.357143 42
2010-06-08 0.620112 0.285714 33
2010-06-09 0.681564 0.214286 47
2010-06-10 0.776536 0.142857 63
2010-06-11 0.435754 0.0714286 36
2010-06-12 0.0469314 0 5
2010-06-13 0.0722022 0.0666667 1
2010-06-14 0.0794224 0.133333 5
2010-06-15 0.270758 0.2 7
2010-06-16 0.202166 0.266667 6
2010-06-17 0.166065 0.333333 17
2010-06-18 0 0.4 40
2010-06-19 0.0577617 0.466667 41
2010-06-20 0.162455 0.533333 37
2010-06-21 0.216606 0.6 38
2010-06-22 0.353791 0.666667 31
2010-06-23 0.425993 0.733333 31
2010-06-24 0.277978 0.8 52
2010-06-25 0.281588 0.866667 59
2010-06-26 0.32491 0.933333 61
2010-06-27 0.429603 1 57
2010-06-28 0.574007 0.928571 35
2010-06-29 0.433213 0.857143 42
2010-06-30 0.299639 0.785714 49
2010-07-01 0.617329 0.714286 10
2010-07-02 0.815884 0.642857 17
2010-07-03 0.628159 0.571429 6
2010-07-04 0.566787 0.5 7
2010-07-05 0.415162 0.428571 1
2010-07-06 0.447653 0.357143 9
2010-07-07 0.534296 0.285714 25
2010-07-08 0.819495 0.214286 61
2010-07-09 1 0.142857 86
2010-07-10 0.978339 0.0714286 91
2010-07-11 1 0 100
2010-07-12 0.684211 0.0625 62
2010-07-13 0.547368 0.125 42
2010-07-14 0.789474 0.1875 60
2010-07-15 0.821053 0.25 57
2010-07-16 0.615789 0.3125 30
2010-07-17 0.142105 0.375 23
2010-07-18 0.331579 0.4375 11
2010-07-19 0.594737 0.5 9
2010-07-20 0.884211 0.5625 32
2010-07-21 0.747368 0.625 12
2010-07-22 0.457895 0.6875 23
2010-07-23 0.131579 0.75 62
2010-07-24 0.0105263 0.8125 80
2010-07-25 0.389474 0.875 49
2010-07-26 0.357895 0.9375 58
2010-07-27 0.373684 1 63
2010-07-28 0.152632 0.928571 78
2010-07-29 0.0894737 0.857143 77
2010-07-30 0.168421 0.785714 62
2010-07-31 0.421053 0.714286 29
2010-08-01 0.368421 0.642857 27
2010-08-02 0.157895 0.571429 41
2010-08-03 0.136842 0.5 36
2010-08-04 0.478947 0.428571 5
2010-08-05 0.447368 0.357143 9
2010-08-06 0.415789 0.285714 13
2010-08-07 0.147368 0.214286 7
2010-08-08 0.131579 0.142857 1
2010-08-09 0 0.0714286 7
2010-08-10 0.767327 0 77
2010-08-11 0.633663 0.0666667 57
2010-08-12 0.841584 0.133333 71
2010-08-13 0.70297 0.2 50
2010-08-14 0.886139 0.266667 62
2010-08-15 1 0.333333 67
2010-08-16 0.69802 0.4 30
2010-08-17 0.613861 0.466667 15
2010-08-18 0.613861 0.533333 8
2010-08-19 0.653465 0.6 5
2010-08-20 0.90099 0.666667 23
2010-08-21 0.876238 0.733333 14
2010-08-22 0.524752 0.8 28
2010-08-23 0.608911 0.866667 26
2010-08-24 0.450495 0.933333 48
2010-08-25 0.465347 1 53
2010-08-26 0.321782 0.928571 61
2010-08-27 0.306931 0.857143 55
2010-08-28 0.0247525 0.785714 76
2010-08-29 0.341584 0.714286 37
2010-08-30 0.188119 0.642857 45
2010-08-31 0.183168 0.571429 39
2010-09-01 0.207921 0.5 29
2010-09-02 0.0544554 0.428571 37
2010-09-03 0.0792079 0.357143 28
2010-09-04 0 0.285714 29
2010-09-05 0.0643564 0.214286 15
2010-09-06 0.212871 0.142857 7
2010-09-07 0.39604 0.0714286 32
2010-09-08 0.949438 0 95
2010-09-09 0.803371 0.0666667 74
2010-09-10 0.848315 0.133333 71
2010-09-11 1 0.2 80
2010-09-12 0.831461 0.266667 56
2010-09-13 0.893258 0.333333 56
2010-09-14 0.730337 0.4 33
2010-09-15 0.629213 0.466667 16
2010-09-16 0.651685 0.533333 12
2010-09-17 0.550562 0.6 5
2010-09-18 0.533708 0.666667 13
2010-09-19 0.741573 0.733333 1
2010-09-20 0.646067 0.8 15
2010-09-21 0.331461 0.866667 54
2010-09-22 0.696629 0.933333 24
2010-09-23 0.853933 1 15
2010-09-24 0.814607 0.928571 11
2010-09-25 0.831461 0.857143 3
2010-09-26 0.623596 0.785714 16
2010-09-27 0.101124 0.714286 61
2010-09-28 0.168539 0.642857 47
2010-09-29 0 0.571429 57
2010-09-30 0.140449 0.5 36
2010-10-01 0.337079 0.428571 9
2010-10-02 0.516854 0.357143 16
2010-10-03 0.550562 0.285714 26
2010-10-04 0.522472 0.214286 31
2010-10-05 0.617978 0.142857 48
2010-10-06 0.505618 0.0714286 43
2010-10-07 0.950495 0 95
2010-10-08 0.782178 0.0625 72
2010-10-09 0.49505 0.125 37
2010-10-10 0.514851 0.1875 33
2010-10-11 0.415842 0.25 17
2010-10-12 0.450495 0.3125 14
2010-10-13 0.925743 0.375 55
2010-10-14 0.460396 0.4375 2
2010-10-15 0.138614 0.5 36
2010-10-16 0 0.5625 56
2010-10-17 0.450495 0.625 17
2010-10-18 0.757426 0.6875 7
2010-10-19 0.589109 0.75 16
2010-10-20 0.212871 0.8125 60
2010-10-21 0.653465 0.875 22
2010-10-22 0.851485 0.9375 9
2010-10-23 0.737624 1 26
2010-10-24 0.455446 0.928571 47
2010-10-25 0.0891089 0.857143 77
2010-10-26 0.509901 0.785714 28
2010-10-27 0.950495 0.714286 24
2010-10-28 0.90099 0.642857 26
2010-10-29 0.806931 0.571429 24
2010-10-30 1 0.5 50
2010-10-31 0.792079 0.428571 36
2010-11-01 0.772277 0.357143 42
2010-11-02 0.876238 0.285714 59
2010-11-03 0.910891 0.214286 70
2010-11-04 0.915842 0.142857 77
2010-11-05 0.648515 0.0714286 58
2010-11-06 0.504451 0 50
2010-11-07 0.596439 0.0666667 53
2010-11-08 0.709199 0.133333 58
2010-11-09 0.79822 0.2 60
2010-11-10 0.777448 0.266667 51
2010-11-11 1 0.333333 67
2010-11-12 0.982196 0.4 58
2010-11-13 0.925816 0.466667 46
2010-11-14 0.988131 0.533333 45
2010-11-15 0.632047 0.6 3
2010-11-16 0.759644 0.666667 9
2010-11-17 0.727003 0.733333 1
2010-11-18 0.596439 0.8 20
2010-11-19 0.635015 0.866667 23
2010-11-20 0.756677 0.933333 18
2010-11-21 0.718101 1 28
2010-11-22 0.605341 0.928571 32
2010-11-23 0.394659 0.857143 46
2010-11-24 0.367953 0.785714 42
2010-11-25 0.323442 0.714286 39
2010-11-26 0.332344 0.642857 31
2010-11-27 0.356083 0.571429 22
2010-11-28 0.284866 0.5 22
2010-11-29 0 0.428571 43
2010-11-30 0.183976 0.357143 17
2010-12-01 0.272997 0.285714 1
2010-12-02 0.219585 0.214286 1
2010-12-03 0.267062 0.142857 12
2010-12-04 0.507418 0.0714286 44
2010-12-05 0.729537 0 73
2010-12-06 0.800712 0.0625 74
2010-12-07 0.711744 0.125 59
2010-12-08 0.576512 0.1875 39
2010-12-09 0.469751 0.25 22
2010-12-10 1 0.3125 69
2010-12-11 0.55516 0.375 18
2010-12-12 0.391459 0.4375 5
2010-12-13 0.437722 0.5 6
2010-12-14 0.30605 0.5625 26
2010-12-15 0.725979 0.625 10
2010-12-16 0.512456 0.6875 18
2010-12-17 0.530249 0.75 22
2010-12-18 0.252669 0.8125 56
2010-12-19 0.345196 0.875 53
2010-12-20 0.024911 0.9375 91
2010-12-21 0.0427046 1 96
2010-12-22 0.615658 0.928571 31
2010-12-23 0.341637 0.857143 52
2010-12-24 0.00355872 0.785714 78
2010-12-25 0.437722 0.714286 28
2010-12-26 0.281139 0.642857 36
2010-12-27 0.480427 0.571429 9
2010-12-28 0.241993 0.5 26
2010-12-29 0.412811 0.428571 2
2010-12-30 0.761566 0.357143 40
2010-12-31 0.911032 0.285714 63
2011-01-01 0.580071 0.214286 37
2011-01-02 0 0.142857 14
2011-01-03 0.765125 0.0714286 69
2011-01-04 0.433628 0 43
2011-01-05 0.570796 0.0625 51
2011-01-06 0.628319 0.125 50
2011-01-07 0.871681 0.1875 68
2011-01-08 0.765487 0.25 52
2011-01-09 0.725664 0.3125 41
2011-01-10 0.561947 0.375 19
2011-01-11 0.70354 0.4375 27
2011-01-12 0.654867 0.5 15
2011-01-13 0.752212 0.5625 19
2011-01-14 0.761062 0.625 14
2011-01-15 0.973451 0.6875 29
2011-01-16 1 0.75 25
2011-01-17 0.893805 0.8125 8
2011-01-18 0.787611 0.875 9
2011-01-19 0.513274 0.9375 42
2011-01-20 0.530973 1 47
2011-01-21 0.637168 0.928571 29
2011-01-22 0.615044 0.857143 24
2011-01-23 0.769912 0.785714 2
2011-01-24 0.827434 0.714286 11
2011-01-25 0.331858 0.642857 31
2011-01-26 0 0.571429 57
2011-01-27 0.132743 0.5 37
2011-01-28 0.597345 0.428571 17
2011-01-29 0.181416 0.357143 18
2011-01-30 0.442478 0.285714 16
2011-01-31 0.685841 0.214286 47
2011-02-01 0.80531 0.142857 66
2011-02-02 0.845133 0.0714286 77
2011-02-03 0.816547 0 82
2011-02-04 1 0.0666667 93
2011-02-05 0.791367 0.133333 66
2011-02-06 0.953237 0.2 75
2011-02-07 0.920863 0.266667 65
2011-02-08 0.798561 0.333333 47
2011-02-09 0.820144 0.4 42
2011-02-10 0.719424 0.466667 25
2011-02-11 0.205036 0.533333 33
2011-02-12 0.442446 0.6 16
2011-02-13 0.399281 0.666667 27
2011-02-14 0.384892 0.733333 35
2011-02-15 0.442446 0.8 36
2011-02-16 0.5 0.866667 37
2011-02-17 0.435252 0.933333 50
2011-02-18 0.0791367 1 92
2011-02-19 0 0.928571 93
2011-02-20 0.258993 0.857143 60
2011-02-21 0.057554 0.785714 73
2011-02-22 0.143885 0.714286 57
2011-02-23 0.26259 0.642857 38
2011-02-24 0.341727 0.571429 23
2011-02-25 0.485612 0.5 1
2011-02-26 0.521583 0.428571 9
2011-02-27 0.57554 0.357143 22
2011-02-28 0.579137 0.285714 29
2011-03-01 0.539568 0.214286 33
2011-03-02 0.52518 0.142857 38
2011-03-03 0.643885 0.0714286 57
2011-03-04 0.469751 0 47
2011-03-05 0.177936 0.0625 12
2011-03-06 0 0.125 12
2011-03-07 0.160142 0.1875 3
2011-03-08 0.345196 0.25 10
2011-03-09 0.523132 0.3125 21
2011-03-10 0.494662 0.375 12
2011-03-11 0.480427 0.4375 4
2011-03-12 0.590747 0.5 9
2011-03-13 0.72242 0.5625 16
2011-03-14 0.391459 0.625 23
2011-03-15 0.298932 0.6875 39
2011-03-16 0.366548 0.75 38
2011-03-17 0.44484 0.8125 37
2011-03-18 0.476868 0.875 40
2011-03-19 0.466192 0.9375 47
2011-03-20 0.615658 1 38
2011-03-21 0.793594 0.928571 13
2011-03-22 0.679715 0.857143 18
2011-03-23 0.854093 0.785714 7
2011-03-24 0.661922 0.714286 5
2011-03-25 0.188612 0.642857 45
2011-03-26 0.362989 0.571429 21
2011-03-27 0.572954 0.5 7
2011-03-28 0.651246 0.428571 22
2011-03-29 0.672598 0.357143 32
2011-03-30 0.644128 0.285714 36
2011-03-31 0.790036 0.214286 58
2011-04-01 1 0.142857 86
2011-04-02 0.953737 0.0714286 88
2011-04-03 0.349515 0 35
2011-04-04 0.257282 0.0625 19
2011-04-05 0.514563 0.125 39
2011-04-06 0.359223 0.1875 17
2011-04-07 0.364078 0.25 11
2011-04-08 0.359223 0.3125 5
2011-04-09 0.407767 0.375 3
2011-04-10 0.553398 0.4375 12
2011-04-11 0.106796 0.5 39
2011-04-12 0.18932 0.5625 37
2011-04-13 0.252427 0.625 37
2011-04-14 0.18932 0.6875 50
2011-04-15 0.257282 0.75 49
2011-04-16 0.446602 0.8125 37
2011-04-17 0.543689 0.875 33
2011-04-18 0.519417 0.9375 42
2011-04-19 0.582524 1 42
2011-04-20 0.606796 0.928571 32
2011-04-21 0.854369 0.857143 0
2011-04-22 0.626214 0.785714 16
2011-04-23 0.703883 0.714286 1
2011-04-24 0.800971 0.642857 16
2011-04-25 1 0.571429 43
2011-04-26 0.820388 0.5 32
2011-04-27 0.728155 0.428571 30
2011-04-28 0.679612 0.357143 32
2011-04-29 0.441748 0.285714 16
2011-04-30 0.23301 0.214286 2
2011-05-01 0.0339806 0.142857 11
2011-05-02 0 0.0714286 7
2011-05-03 0 0
2011-05-04 0.377432 0.0666667 31
2011-05-05 0.392996 0.133333 26
2011-05-06 0.568093 0.2 37
2011-05-07 0.533074 0.266667 27
2011-05-08 0.856031 0.333333 52
2011-05-09 0.898833 0.4 50
2011-05-10 0.848249 0.466667 38
2011-05-11 0.645914 0.533333 11
2011-05-12 0.63035 0.6 3
2011-05-13 0.326848 0.666667 34
2011-05-14 0.36965 0.733333 36
2011-05-15 0.455253 0.8 34
2011-05-16 0.55642 0.866667 31
2011-05-17 0.610895 0.933333 32
2011-05-18 0.774319 1 23
2011-05-19 0.708171 0.928571 22
2011-05-20 0.661479 0.857143 20
2011-05-21 0.723735 0.785714 6
2011-05-22 0.715953 0.714286 0
2011-05-23 0.661479 0.642857 2
2011-05-24 0.603113 0.571429 3
2011-05-25 0.626459 0.5 13
2011-05-26 0.59144 0.428571 16
2011-05-27 0.509728 0.357143 15
2011-05-28 0.521401 0.285714 24
2011-05-29 0.988327 0.214286 77
2011-05-30 1 0.142857 86
2011-05-31 0.607004 0.0714286 54
2011-06-01 0.206452 0 21
2011-06-02 0.483871 0.0625 42
2011-06-03 0.432258 0.125 31
2011-06-04 0.619355 0.1875 43
2011-06-05 0.967742 0.25 72
2011-06-06 0.554839 0.3125 24
2011-06-07 0.690323 0.375 32
2011-06-08 0.270968 0.4375 17
2011-06-09 0.0580645 0.5 44
2011-06-10 0.193548 0.5625 37
2011-06-11 0.129032 0.625 50
2011-06-12 0.180645 0.6875 51
2011-06-13 0.251613 0.75 50
2011-06-14 0.16129 0.8125 65
2011-06-15 0.187097 0.875 69
2011-06-16 0.219355 0.9375 72
2011-06-17 0.154839 1 85
2011-06-18 0.0903226 0.928571 84
2011-06-19 0.0774194 0.857143 78
2011-06-20 0.193548 0.785714 59
2011-06-21 0.458065 0.714286 26
2011-06-22 0.219355 0.642857 42
2011-06-23 0.0258065 0.571429 55
2011-06-24 0 0.5 50
2011-06-25 0.0516129 0.428571 38
2011-06-26 0.645161 0.357143 29
2011-06-27 0.787097 0.285714 50
2011-06-28 1 0.214286 79
2011-06-29 0.412903 0.142857 27
2011-06-30 0.129032 0.0714286 6
2011-07-01 0.520548 0 52
2011-07-02 1 0.0666667 93
2011-07-03 0.821918 0.133333 69
2011-07-04 0.630137 0.2 43
2011-07-05 0.739726 0.266667 47
2011-07-06 0.794521 0.333333 46
2011-07-07 0.561644 0.4 16
2011-07-08 0.712329 0.466667 25
2011-07-09 0.616438 0.533333 8
2011-07-10 0.753425 0.6 15
2011-07-11 0.60274 0.666667 6
2011-07-12 0.39726 0.733333 34
2011-07-13 0.383562 0.8 42
2011-07-14 0.342466 0.866667 52
2011-07-15 0.452055 0.933333 48
2011-07-16 0.780822 1 22
2011-07-17 0.69863 0.928571 23
2011-07-18 0.726027 0.857143 13
2011-07-19 0.547945 0.785714 24
2011-07-20 0.458904 0.714286 26
2011-07-21 0.657534 0.642857 1
2011-07-22 0.39726 0.571429 17
2011-07-23 0 0.5 50
2011-07-24 0.19863 0.428571 23
2011-07-25 0.575342 0.357143 22
2011-07-26 0.568493 0.285714 28
2011-07-27 0.520548 0.214286 31
2011-07-28 0.760274 0.142857 62
2011-07-29 0.726027 0.0714286 65
2011-07-30 1 0 100
2011-07-31 0.924658 0.0625 86
2011-08-01 0.993151 0.125 87
2011-08-02 0.89726 0.1875 71
2011-08-03 0.924658 0.25 67
2011-08-04 0.849315 0.3125 54
2011-08-05 0.746575 0.375 37
2011-08-06 0.753425 0.4375 32
2011-08-07 0.342466 0.5 16
2011-08-08 0.534247 0.5625 3
2011-08-09 0.267123 0.625 36
2011-08-10 0 0.6875 69
2011-08-11 0.315068 0.75 43
2011-08-12 0.383562 0.8125 43
2011-08-13 0.575342 0.875 30
2011-08-14 0.664384 0.9375 27
2011-08-15 0.390411 1 61
2011-08-16 0.520548 0.928571 41
2011-08-17 0.40411 0.857143 45
2011-08-18 0.315068 0.785714 47
2011-08-19 0.561644 0.714286 15
2011-08-20 0.575342 0.642857 7
2011-08-21 0.691781 0.571429 12
2011-08-22 0.383562 0.5 12
2011-08-23 0.808219 0.428571 38
2011-08-24 0.753425 0.357143 40
2011-08-25 0.787671 0.285714 50
2011-08-26 0.746575 0.214286 53
2011-08-27 0.308219 0.142857 17
2011-08-28 0.205479 0.0714286 13
2011-08-29 0.406504 0 41
2011-08-30 0.300813 0.0666667 23
2011-08-31 0.463415 0.133333 33
2011-09-01 0.349593 0.2 15
2011-09-02 0.390244 0.266667 12
2011-09-03 1 0.333333 67
2011-09-04 0.837398 0.4 44
2011-09-05 0.731707 0.466667 27
2011-09-06 0.373984 0.533333 16
2011-09-07 0.178862 0.6 42
2011-09-08 0.276423 0.666667 39
2011-09-09 0.642276 0.733333 9
2011-09-10 0.943089 0.8 14
2011-09-11 0.691057 0.866667 18
2011-09-12 0.642276 0.933333 29
2011-09-13 0.390244 1 61
2011-09-14 0.186992 0.928571 74
2011-09-15 0.170732 0.857143 69
2011-09-16 0.0243902 0.785714 76
2011-09-17 0.414634 0.714286 30
2011-09-18 0.138211 0.642857 50
2011-09-19 0.317073 0.571429 25
2011-09-20 0.544715 0.5 4
2011-09-21 0.341463 0.428571 9
2011-09-22 0.0813008 0.357143 28
2011-09-23 0.243902 0.285714 4
2011-09-24 0.0731707 0.214286 14
2011-09-25 0.398374 0.142857 26
2011-09-26 0 0.0714286 7
2011-09-27 0.75 0 75
2011-09-28 0.851449 0.0666667 78
2011-09-29 0.753623 0.133333 62
2011-09-30 0.706522 0.2 51
2011-10-01 0.73913 0.266667 47
2011-10-02 1 0.333333 67
2011-10-03 0.952899 0.4 55
2011-10-04 0.894928 0.466667 43
2011-10-05 0.724638 0.533333 19
2011-10-06 0.59058 0.6 1
2011-10-07 0.438406 0.666667 23
2011-10-08 0.297101 0.733333 44
2011-10-09 0.644928 0.8 16
2011-10-10 0.532609 0.866667 33
2011-10-11 0.550725 0.933333 38
2011-10-12 0.235507 1 76
2011-10-13 0.115942 0.928571 81
2011-10-14 0 0.857143 86
2011-10-15 0.0978261 0.785714 69
2011-10-16 0.173913 0.714286 54
2011-10-17 0.460145 0.642857 18
2011-10-18 0.492754 0.571429 8
2011-10-19 0.34058 0.5 16
2011-10-20 0.394928 0.428571 3
2011-10-21 0.336957 0.357143 2
2011-10-22 0.134058 0.285714 15
2011-10-23 0.387681 0.214286 17
2011-10-24 0.463768 0.142857 32
2011-10-25 0.48913 0.0714286 42
2011-10-26 0.685279 0 69
2011-10-27 0.77665 0.0625 71
2011-10-28 0.649746 0.125 52
2011-10-29 0.979695 0.1875 79
2011-10-30 1 0.25 75
2011-10-31 0.84264 0.3125 53
2011-11-01 0.751269 0.375 38
2011-11-02 0.741117 0.4375 30
2011-11-03 0.670051 0.5 17
2011-11-04 0.609137 0.5625 5
2011-11-05 0.766497 0.625 14
2011-11-06 0.705584 0.6875 2
2011-11-07 0.634518 0.75 12
2011-11-08 0.670051 0.8125 14
2011-11-09 0.553299 0.875 32
2011-11-10 0.253807 0.9375 68
2011-11-11 0.071066 1 93
2011-11-12 0 0.928571 93
2011-11-13 0.213198 0.857143 64
2011-11-14 0.0558376 0.785714 73
2011-11-15 0.15736 0.714286 56
2011-11-16 0.0659898 0.642857 58
2011-11-17 0.401015 0.571429 17
2011-11-18 0.593909 0.5 9
2011-11-19 0.553299 0.428571 12
2011-11-20 0.253807 0.357143 10
2011-11-21 0.35533 0.285714 7
2011-11-22 0.324873 0.214286 11
2011-11-23 0.629442 0.142857 49
2011-11-24 0.614213 0.0714286 54
2011-11-25 0.696429 0 70
2011-11-26 1 0.0666667 93
2011-11-27 0.684524 0.133333 55
2011-11-28 0.404762 0.2 20
2011-11-29 0.738095 0.266667 47
2011-11-30 0.666667 0.333333 33
2011-12-01 0.440476 0.4 4
2011-12-02 0.583333 0.466667 12
2011-12-03 0.345238 0.533333 19
2011-12-04 0.321429 0.6 28
2011-12-05 0.238095 0.666667 43
2011-12-06 0.232143 0.733333 50
2011-12-07 0.244048 0.8 56
2011-12-08 0.559524 0.866667 31
2011-12-09 0.327381 0.933333 61
2011-12-10 0.434524 1 57
2011-12-11 0.375 0.928571 55
2011-12-12 0.529762 0.857143 33
2011-12-13 0.422619 0.785714 36
2011-12-14 0.380952 0.714286 33
2011-12-15 0.375 0.642857 27
2011-12-16 0.255952 0.571429 32
2011-12-17 0.142857 0.5 36
2011-12-18 0.297619 0.428571 13
2011-12-19 0.0892857 0.357143 27
2011-12-20 0 0.285714 29
2011-12-21 0.202381 0.214286 1
2011-12-22 0.636905 0.142857 49
2011-12-23 0.422619 0.0714286 35
2011-12-24 0.763158 0 76
2011-12-25 1 0.0625 94
2011-12-26 0.776316 0.125 65
2011-12-27 0.557018 0.1875 37
2011-12-28 0.649123 0.25 40
2011-12-29 0.434211 0.3125 12
2011-12-30 0.00438596 0.375 37
2011-12-31 0.644737 0.4375 21
2012-01-01 0.745614 0.5 25
2012-01-02 0.653509 0.5625 9
2012-01-03 0.692982 0.625 7
2012-01-04 0.508772 0.6875 18
2012-01-05 0.267544 0.75 48
2012-01-06 0.600877 0.8125 21
2012-01-07 0.5 0.875 38
2012-01-08 0.359649 0.9375 58
2012-01-09 0.530702 1 47
2012-01-10 0.671053 0.928571 26
2012-01-11 0.688596 0.857143 17
2012-01-12 0.561404 0.785714 22
2012-01-13 0.280702 0.714286 43
2012-01-14 0.144737 0.642857 50
2012-01-15 0.486842 0.571429 8
2012-01-16 0.464912 0.5 4
2012-01-17 0.469298 0.428571 4
2012-01-18 0.385965 0.357143 3
2012-01-19 0.280702 0.285714 1
2012-01-20 0.29386 0.214286 8
2012-01-21 0.236842 0.142857 9
2012-01-22 0 0.0714286 7
2012-01-23 0.463259 0 46
2012-01-24 0.5623 0.0666667 50
2012-01-25 0.670927 0.133333 54
2012-01-26 0.744409 0.2 54
2012-01-27 0.632588 0.266667 37
2012-01-28 0.709265 0.333333 38
2012-01-29 0.648562 0.4 25
2012-01-30 0.616613 0.466667 15
2012-01-31 0.453674 0.533333 8
2012-02-01 0.217252 0.6 38
2012-02-02 0.115016 0.666667 55
2012-02-03 0 0.733333 73
2012-02-04 0.297125 0.8 50
2012-02-05 0.255591 0.866667 61
2012-02-06 0.364217 0.933333 57
2012-02-07 0.597444 1 40
2012-02-08 0.504792 0.928571 42
2012-02-09 0.402556 0.857143 45
2012-02-10 0.456869 0.785714 33
2012-02-11 0.747604 0.714286 3
2012-02-12 0.182109 0.642857 46
2012-02-13 0.747604 0.571429 18
2012-02-14 0.785942 0.5 29
2012-02-15 0.670927 0.428571 24
2012-02-16 0.961661 0.357143 60
2012-02-17 0.945687 0.285714 66
2012-02-18 0.897764 0.214286 68
2012-02-19 0.84345 0.142857 70
2012-02-20 1 0.0714286 93
2012-02-21 0.681592 0 68
2012-02-22 0.651741 0.0625 59
2012-02-23 0.761194 0.125 64
2012-02-24 0.572139 0.1875 38
2012-02-25 0.139303 0.25 11
2012-02-26 0 0.3125 31
2012-02-27 0.875622 0.375 50
2012-02-28 0.935323 0.4375 50
2012-02-29 0.855721 0.5 36
2012-03-01 0.577114 0.5625 1
2012-03-02 0.20398 0.625 42
2012-03-03 0.233831 0.6875 45
2012-03-04 0.129353 0.75 62
2012-03-05 0.109453 0.8125 70
2012-03-06 0.139303 0.875 74
2012-03-07 0.20398 0.9375 73
2012-03-08 0.343284 1 66
2012-03-09 0.761194 0.928571 17
2012-03-10 0.671642 0.857143 19
2012-03-11 0.855721 0.785714 7
2012-03-12 0.80597 0.714286 9
2012-03-13 0.731343 0.642857 9
2012-03-14 0.626866 0.571429 6
2012-03-15 0.597015 0.5 10
2012-03-16 0.791045 0.428571 36
2012-03-17 0.800995 0.357143 44
2012-03-18 0.636816 0.285714 35
2012-03-19 0.870647 0.214286 66
2012-03-20 1 0.142857 86
2012-03-21 0.726368 0.0714286 65
2012-03-22 0.558011 0 56
2012-03-23 0.320442 0.0625 26
2012-03-24 0.668508 0.125 54
2012-03-25 0.519337 0.1875 33
2012-03-26 1 0.25 75
2012-03-27 0.861878 0.3125 55
2012-03-28 0.685083 0.375 31
2012-03-29 0.690608 0.4375 25
2012-03-30 0.436464 0.5 6
2012-03-31 0.0607735 0.5625 50
2012-04-01 0.149171 0.625 48
2012-04-02 0.0718232 0.6875 62
2012-04-03 0.18232 0.75 57
2012-04-04 0 0.8125 81
2012-04-05 0.337017 0.875 54
2012-04-06 0.209945 0.9375 73
2012-04-07 0.220994 1 78
2012-04-08 0.475138 0.928571 45
2012-04-09 0.801105 0.857143 6
2012-04-10 0.756906 0.785714 3
2012-04-11 0.607735 0.714286 11
2012-04-12 0.701657 0.642857 6
2012-04-13 0.61326 0.571429 4
2012-04-14 0.696133 0.5 20
2012-04-15 0.530387 0.428571 10
2012-04-16 0.453039 0.357143 10
2012-04-17 0.712707 0.285714 43
2012-04-18 0.78453 0.214286 57
2012-04-19 0.707182 0.142857 56
2012-04-20 0.685083 0.0714286 61
2012-04-21 0 0
2012-04-22 0.139738 0.0625 8
2012-04-23 0.19214 0.125 7
2012-04-24 0.227074 0.1875 4
2012-04-25 0.353712 0.25 10
2012-04-26 0.427948 0.3125 12
2012-04-27 0.39738 0.375 2
2012-04-28 0.454148 0.4375 2
2012-04-29 0.502183 0.5 0
2012-04-30 0.344978 0.5625 22
2012-05-01 0.572052 0.625 5
2012-05-02 0.716157 0.6875 3
2012-05-03 0.393013 0.75 36
2012-05-04 0.213974 0.8125 60
2012-05-05 0.069869 0.875 81
2012-05-06 0.126638 0.9375 81
2012-05-07 0.336245 1 66
2012-05-08 0.620087 0.928571 31
2012-05-09 0.733624 0.857143 12
2012-05-10 0.716157 0.785714 7
2012-05-11 0.240175 0.714286 47
2012-05-12 0.244541 0.642857 40
2012-05-13 0.401747 0.571429 17
2012-05-14 0.620087 0.5 12
2012-05-15 0.231441 0.428571 20
2012-05-16 0.174672 0.357143 18
2012-05-17 0.406114 0.285714 12
2012-05-18 0.707424 0.214286 49
2012-05-19 0.917031 0.142857 77
2012-05-20 1 0.0714286 93
2012-05-21 1 0 100
2012-05-22 0.955882 0.0666667 89
2012-05-23 0.754902 0.133333 62
2012-05-24 0.539216 0.2 34
2012-05-25 0.627451 0.266667 36
2012-05-26 0.5 0.333333 17
2012-05-27 0.730392 0.4 33
2012-05-28 0.25 0.466667 22
2012-05-29 0.20098 0.533333 33
2012-05-30 0.166667 0.6 43
2012-05-31 0 0.666667 67
2012-06-01 0.0196078 0.733333 71
2012-06-02 0.107843 0.8 69
2012-06-03 0.210784 0.866667 66
2012-06-04 0.186275 0.933333 75
2012-06-05 0.196078 1 80
2012-06-06 0.352941 0.928571 58
2012-06-07 0.441176 0.857143 42
2012-06-08 0.485294 0.785714 30
2012-06-09 0.446078 0.714286 27
2012-06-10 0.5 0.642857 14
2012-06-11 0.490196 0.571429 8
2012-06-12 0.642157 0.5 14
2012-06-13 0.289216 0.428571 14
2012-06-14 0.470588 0.357143 11
2012-06-15 0.70098 0.285714 42
2012-06-16 0.627451 0.214286 41
2012-06-17 0.70098 0.142857 56
2012-06-18 0.465686 0.0714286 39
2012-06-19 0.604027 0 60
2012-06-20 0.563758 0.0625 50
2012-06-21 0.442953 0.125 32
2012-06-22 0.342282 0.1875 15
2012-06-23 0.221477 0.25 3
2012-06-24 0 0.3125 31
2012-06-25 0.369128 0.375 1
2012-06-26 0.322148 0.4375 12
2012-06-27 0.52349 0.5 2
2012-06-28 0.993289 0.5625 43
2012-06-29 0.932886 0.625 31
2012-06-30 0.879195 0.6875 19
2012-07-01 0.550336 0.75 20
2012-07-02 0.630872 0.8125 18
2012-07-03 0.711409 0.875 16
2012-07-04 0.832215 0.9375 11
2012-07-05 0.872483 1 13
2012-07-06 0.919463 0.928571 1
2012-07-07 1 0.857143 14
2012-07-08 0.845638 0.785714 6
2012-07-09 0.577181 0.714286 14
2012-07-10 0.651007 0.642857 1
2012-07-11 0.402685 0.571429 17
2012-07-12 0.422819 0.5 8
2012-07-13 0.543624 0.428571 12
2012-07-14 0.456376 0.357143 10
2012-07-15 0.302013 0.285714 2
2012-07-16 0.322148 0.214286 11
2012-07-17 0.483221 0.142857 34
2012-07-18 0.422819 0.0714286 35
2012-07-19 0.159763 0 16
2012-07-20 0.12426 0.0666667 6
2012-07-21 0.218935 0.133333 9
2012-07-22 0.502959 0.2 30
2012-07-23 0.786982 0.266667 52
2012-07-24 1 0.333333 67
2012-07-25 0.846154 0.4 45
2012-07-26 0.816568 0.466667 35
2012-07-27 0.674556 0.533333 14
2012-07-28 0.130178 0.6 47
2012-07-29 0 0.666667 67
2012-07-30 0.0887574 0.733333 64
2012-07-31 0.248521 0.8 55
2012-08-01 0.64497 0.866667 22
2012-08-02 0.556213 0.933333 38
2012-08-03 0.360947 1 64
2012-08-04 0.35503 0.928571 57
2012-08-05 0.538462 0.857143 32
2012-08-06 0.390533 0.785714 40
2012-08-07 0.136095 0.714286 58
2012-08-08 0.260355 0.642857 38
2012-08-09 0.00591716 0.571429 57
2012-08-10 0.106509 0.5 39
2012-08-11 0.272189 0.428571 16
2012-08-12 0.213018 0.357143 14
2012-08-13 0.0177515 0.285714 27
2012-08-14 0.301775 0.214286 9
2012-08-15 0.260355 0.142857 12
2012-08-16 0.366864 0.0714286 30
2012-08-17 0.897059 0 90
2012-08-18 1 0.0625 94
2012-08-19 0.845588 0.125 72
2012-08-20 0.672794 0.1875 49
2012-08-21 0.580882 0.25 33
2012-08-22 0.595588 0.3125 28
2012-08-23 0.433824 0.375 6
2012-08-24 0.459559 0.4375 2
2012-08-25 0.474265 0.5 3
2012-08-26 0.466912 0.5625 10
2012-08-27 0.382353 0.625 24
2012-08-28 0.378676 0.6875 31
2012-08-29 0.628676 0.75 12
2012-08-30 0.430147 0.8125 38
2012-08-31 0.338235 0.875 54
2012-09-01 0.529412 0.9375 41
2012-09-02 0.492647 1 51
2012-09-03 0.459559 0.928571 47
2012-09-04 0.400735 0.857143 46
2012-09-05 0.352941 0.785714 43
2012-09-06 0.4375 0.714286 28
2012-09-07 0.389706 0.642857 25
2012-09-08 0.426471 0.571429 14
2012-09-09 0.669118 0.5 17
2012-09-10 0.430147 0.428571 0
2012-09-11 0.117647 0.357143 24
2012-09-12 0 0.285714 29
2012-09-13 0.3125 0.214286 10
2012-09-14 0.352941 0.142857 21
2012-09-15 0.382353 0.0714286 31
2012-09-16 1 0 100
2012-09-17 0.838057 0.0666667 77
2012-09-18 0.643725 0.133333 51
2012-09-19 0.59919 0.2 40
2012-09-20 0.732794 0.266667 47
2012-09-21 0.59919 0.333333 27
2012-09-22 0.591093 0.4 19
2012-09-23 0.45749 0.466667 1
2012-09-24 0.765182 0.533333 23
2012-09-25 0.724696 0.6 12
2012-09-26 0.736842 0.666667 7
2012-09-27 0.692308 0.733333 4
2012-09-28 0.663968 0.8 14
2012-09-29 0.773279 0.866667 9
2012-09-30 0.789474 0.933333 14
2012-10-01 0.740891 1 26
2012-10-02 0.825911 0.928571 10
2012-10-03 0.57085 0.857143 29
2012-10-04 0.473684 0.785714 31
2012-10-05 0.534413 0.714286 18
2012-10-06 0.506073 0.642857 14
2012-10-07 0.574899 0.571429 0
2012-10-08 0.404858 0.5 10
2012-10-09 0.161943 0.428571 27
2012-10-10 0 0.357143 36
2012-10-11 0.0809717 0.285714 20
2012-10-12 0.392713 0.214286 18
2012-10-13 0.408907 0.142857 27
2012-10-14 0.368421 0.0714286 30
2012-10-15 0.797753 0 80
2012-10-16 0.835206 0.0666667 77
2012-10-17 0.977528 0.133333 84
2012-10-18 0.932584 0.2 73
2012-10-19 1 0.266667 73
2012-10-20 0.970037 0.333333 64
2012-10-21 0.842697 0.4 44
2012-10-22 0.726592 0.466667 26
2012-10-23 0.71161 0.533333 18
2012-10-24 0.719101 0.6 12
2012-10-25 0.355805 0.666667 31
2012-10-26 0.11236 0.733333 62
2012-10-27 0 0.8 80
2012-10-28 0.486891 0.866667 38
2012-10-29 0.40824 0.933333 53
2012-10-30 0.423221 1 58
2012-10-31 0.599251 0.928571 33
2012-11-01 0.629213 0.857143 23
2012-11-02 0.516854 0.785714 27
2012-11-03 0.516854 0.714286 20
2012-11-04 0.47191 0.642857 17
2012-11-05 0.449438 0.571429 12
2012-11-06 0.726592 0.5 23
2012-11-07 0.775281 0.428571 35
2012-11-08 0.749064 0.357143 39
2012-11-09 0.685393 0.285714 40
2012-11-10 0.692884 0.214286 48
2012-11-11 0.595506 0.142857 45
2012-11-12 0.565543 0.0714286 49
2012-11-13 0.976019 0 98
2012-11-14 1 0.0625 94
2012-11-15 0.899281 0.125 77
2012-11-16 0.788969 0.1875 60
2012-11-17 0.858513 0.25 61
2012-11-18 0.693046 0.3125 38
2012-11-19 0.906475 0.375 53
2012-11-20 0.901679 0.4375 46
2012-11-21 0.896882 0.5 40
2012-11-22 0.815348 0.5625 25
2012-11-23 0.882494 0.625 26
2012-11-24 0.839329 0.6875 15
2012-11-25 0.947242 0.75 20
2012-11-26 0.892086 0.8125 8
2012-11-27 0.834532 0.875 4
2012-11-28 0.70024 0.9375 24
2012-11-29 0.604317 1 40
2012-11-30 0.568345 0.928571 36
2012-12-01 0.417266 0.857143 44
2012-12-02 0.402878 0.785714 38
2012-12-03 0.541966 0.714286 17
2012-12-04 0.376499 0.642857 27
2012-12-05 0.314149 0.571429 26
2012-12-06 0.580336 0.5 8
2012-12-07 0.256595 0.428571 17
2012-12-08 0.494005 0.357143 14
2012-12-09 0.513189 0.285714 23
2012-12-10 0.417266 0.214286 20
2012-12-11 0 0.142857 14
2012-12-12 0.230216 0.0714286 16
2012-12-13 0 0
2012-12-14 0.35119 0.0666667 28
2012-12-15 0.505952 0.133333 37
2012-12-16 0.565476 0.2 37
2012-12-17 0.404762 0.266667 14
2012-12-18 0.232143 0.333333 10
2012-12-19 0.238095 0.4 16
2012-12-20 0.208333 0.466667 26
2012-12-21 0.0714286 0.533333 46
2012-12-22 0.0297619 0.6 57
2012-12-23 0.595238 0.666667 7
2012-12-24 0.738095 0.733333 0
2012-12-25 0.857143 0.8 6
2012-12-26 0.482143 0.866667 38
2012-12-27 0.0654762 0.933333 87
2012-12-28 0.738095 1 26
2012-12-29 0.803571 0.928571 12
2012-12-30 0.934524 0.857143 8
2012-12-31 0.869048 0.785714 8
2013-01-01 0.696429 0.714286 2
2013-01-02 0.922619 0.642857 28
2013-01-03 1 0.571429 43
2013-01-04 0.470238 0.5 3
2013-01-05 0.702381 0.428571 27
2013-01-06 0.369048 0.357143 1
2013-01-07 0.77381 0.285714 49
2013-01-08 0.744048 0.214286 53
2013-01-09 0.190476 0.142857 5
2013-01-10 0.00595238 0.0714286 7
2013-01-11 0.510386 0 51
2013-01-12 0.534125 0.0625 47
2013-01-13 0.477745 0.125 35
2013-01-14 0.281899 0.1875 9
2013-01-15 0 0.25 25
2013-01-16 0.320475 0.3125 1
2013-01-17 0.367953 0.375 1
2013-01-18 0.284866 0.4375 15
2013-01-19 0.151335 0.5 35
2013-01-20 0.385757 0.5625 18
2013-01-21 0.495549 0.625 13
2013-01-22 0.412463 0.6875 28
2013-01-23 0.210682 0.75 54
2013-01-24 0.0207715 0.8125 79
2013-01-25 0.388724 0.875 49
2013-01-26 0.646884 0.9375 29
2013-01-27 0.703264 1 30
2013-01-28 0.795252 0.928571 13
2013-01-29 1 0.857143 14
2013-01-30 0.896142 0.785714 11
2013-01-31 0.727003 0.714286 1
2013-02-01 0.575668 0.642857 7
2013-02-02 0.545994 0.571429 3
2013-02-03 0.765579 0.5 27
2013-02-04 0.697329 0.428571 27
2013-02-05 0.682493 0.357143 33
2013-02-06 0.593472 0.285714 31
2013-02-07 0.599407 0.214286 39
2013-02-08 0.445104 0.142857 30
2013-02-09 0.412463 0.0714286 34
2013-02-10 0.518519 0 52
2013-02-11 0.339506 0.0666667 27
2013-02-12 0.475309 0.133333 34
2013-02-13 0.623457 0.2 42
2013-02-14 0.845679 0.266667 58
2013-02-15 0.888889 0.333333 56
2013-02-16 0.740741 0.4 34
2013-02-17 0.864198 0.466667 40
2013-02-18 0.703704 0.533333 17
2013-02-19 0.592593 0.6 1
2013-02-20 0.358025 0.666667 31
2013-02-21 0.222222 0.733333 51
2013-02-22 0.530864 0.8 27
2013-02-23 0.839506 0.866667 3
2013-02-24 0.95679 0.933333 2
2013-02-25 0.808642 1 19
2013-02-26 0.598765 0.928571 33
2013-02-27 1 0.857143 14
2013-02-28 0.814815 0.785714 3
2013-03-01 0.765432 0.714286 5
2013-03-02 0.814815 0.642857 17
2013-03-03 0.537037 0.571429 3
2013-03-04 0.703704 0.5 20
2013-03-05 1 0.428571 57
2013-03-06 0.95679 0.357143 60
2013-03-07 0.759259 0.285714 47
2013-03-08 0.592593 0.214286 38
2013-03-09 0.308642 0.142857 17
2013-03-10 0 0.0714286 7
2013-03-11 0 0
2013-03-12 0.5 0.0625 44
2013-03-13 0.47 0.125 34
2013-03-14 0.48 0.1875 29
2013-03-15 0.42 0.25 17
2013-03-16 0.615 0.3125 30
2013-03-17 0.685 0.375 31
2013-03-18 0.55 0.4375 11
2013-03-19 0.485 0.5 2
2013-03-20 0.425 0.5625 14
2013-03-21 0.25 0.625 38
2013-03-22 0.235 0.6875 45
2013-03-23 0.415 0.75 34
2013-03-24 0.545 0.8125 27
2013-03-25 0.555 0.875 32
2013-03-26 0.63 0.9375 31
2013-03-27 0.71 1 29
2013-03-28 0.75 0.928571 18
2013-03-29 0.805 0.857143 5
2013-03-30 0.76 0.785714 3
2013-03-31 0.8 0.714286 9
2013-04-01 0.89 0.642857 25
2013-04-02 0.65 0.571429 8
2013-04-03 0.81 0.5 31
2013-04-04 0.905 0.428571 48
2013-04-05 0.985 0.357143 63
2013-04-06 0.94 0.285714 65
2013-04-07 1 0.214286 79
2013-04-08 0.665 0.142857 52
2013-04-09 0.95 0.0714286 88
2013-04-10 0 0
2013-04-11 0.132841 0.0625 7
2013-04-12 0.151292 0.125 3
2013-04-13 0.188192 0.1875 0
2013-04-14 0.630996 0.25 38
2013-04-15 0.660517 0.3125 35
2013-04-16 0.597786 0.375 22
2013-04-17 0.616236 0.4375 18
2013-04-18 0.428044 0.5 7
2013-04-19 0.354244 0.5625 21
2013-04-20 0.309963 0.625 32
2013-04-21 0.509225 0.6875 18
2013-04-22 0.546125 0.75 20
2013-04-23 0.553506 0.8125 26
2013-04-24 0.416974 0.875 46
2013-04-25 0.354244 0.9375 58
2013-04-26 0.339483 1 66
2013-04-27 0.332103 0.928571 60
2013-04-28 0.409594 0.857143 45
2013-04-29 0.416974 0.785714 37
2013-04-30 0.350554 0.714286 36
2013-05-01 0.328413 0.642857 31
2013-05-02 0.398524 0.571429 17
2013-05-03 0.571956 0.5 7
2013-05-04 0.675277 0.428571 25
2013-05-05 0.793358 0.357143 44
2013-05-06 0.98524 0.285714 70
2013-05-07 0.944649 0.214286 73
2013-05-08 1 0.142857 86
2013-05-09 0.767528 0.0714286 70
2013-05-10 0.162162 0 16
2013-05-11 0.172973 0.0666667 11
2013-05-12 0 0.133333 13
2013-05-13 0.0702703 0.2 13
2013-05-14 0.540541 0.266667 27
2013-05-15 0.610811 0.333333 28
2013-05-16 0.843243 0.4 44
2013-05-17 1 0.466667 53
2013-05-18 0.275676 0.533333 26
2013-05-19 0.551351 0.6 5
2013-05-20 0.4 0.666667 27
2013-05-21 0.0648649 0.733333 67
2013-05-22 0.0162162 0.8 78
2013-05-23 0.205405 0.866667 66
2013-05-24 0.605405 0.933333 33
2013-05-25 0.243243 1 76
2013-05-26 0.443243 0.928571 49
2013-05-27 0.481081 0.857143 38
2013-05-28 0.437838 0.785714 35
2013-05-29 0.648649 0.714286 7
2013-05-30 0.875676 0.642857 23
2013-05-31 0.751351 0.571429 18
2013-06-01 0.416216 0.5 8
2013-06-02 0.572973 0.428571 14
2013-06-03 0.589189 0.357143 23
2013-06-04 0.335135 0.285714 5
2013-06-05 0.632432 0.214286 42
2013-06-06 0.92973 0.142857 79
2013-06-07 0.621622 0.0714286 55
2013-06-08 0.20339 0 20
2013-06-09 0.457627 0.0625 40
2013-06-10 0.463277 0.125 34
2013-06-11 0.384181 0.1875 20
2013-06-12 0.531073 0.25 28
2013-06-13 0.271186 0.3125 4
2013-06-14 0.158192 0.375 22
2013-06-15 0 0.4375 44
2013-06-16 0.389831 0.5 11
2013-06-17 0.576271 0.5625 1
2013-06-18 0.559322 0.625 7
2013-06-19 1 0.6875 31
2013-06-20 0.79096 0.75 4
2013-06-21 0.531073 0.8125 28
2013-06-22 0.451977 0.875 42
2013-06-23 0.418079 0.9375 52
2013-06-24 0.20339 1 80
2013-06-25 0.175141 0.928571 75
2013-06-26 0.107345 0.857143 75
2013-06-27 0.0847458 0.785714 70
2013-06-28 0.152542 0.714286 56
2013-06-29 0.0112994 0.642857 63
2013-06-30 0.288136 0.571429 28
2013-07-01 0.20339 0.5 30
2013-07-02 0.344633 0.428571 8
2013-07-03 0.717514 0.357143 36
2013-07-04 0.59322 0.285714 31
2013-07-05 0.536723 0.214286 32
2013-07-06 0.621469 0.142857 48
2013-07-07 0.683616 0.0714286 61
2013-07-08 0.411348 0 41
2013-07-09 0.0212766 0.0666667 5
2013-07-10 0.248227 0.133333 11
2013-07-11 0.425532 0.2 23
2013-07-12 0.432624 0.266667 17
2013-07-13 0 0.333333 33
2013-07-14 0.241135 0.4 16
2013-07-15 0.340426 0.466667 13
2013-07-16 0.496454 0.533333 4
2013-07-17 0.51773 0.6 8
2013-07-18 0.496454 0.666667 17
2013-07-19 0.702128 0.733333 3
2013-07-20 0.695035 0.8 10
2013-07-21 0.460993 0.866667 41
2013-07-22 0.588652 0.933333 34
2013-07-23 0.687943 1 31
2013-07-24 0.432624 0.928571 50
2013-07-25 0.574468 0.857143 28
2013-07-26 0.758865 0.785714 3
2013-07-27 0.87234 0.714286 16
2013-07-28 0.453901 0.642857 19
2013-07-29 0.304965 0.571429 27
2013-07-30 0.163121 0.5 34
2013-07-31 0.446809 0.428571 2
2013-08-01 0.843972 0.357143 49
2013-08-02 1 0.285714 71
2013-08-03 0.432624 0.214286 22
2013-08-04 0.58156 0.142857 44
2013-08-05 0.744681 0.0714286 67
2013-08-06 0.954545 0 95
2013-08-07 1 0.0625 94
2013-08-08 0.990909 0.125 87
2013-08-09 0.709091 0.1875 52
2013-08-10 0.563636 0.25 31
2013-08-11 0.481818 0.3125 17
2013-08-12 0.390909 0.375 2
2013-08-13 0.0363636 0.4375 40
2013-08-14 0.290909 0.5 21
2013-08-15 0.7 0.5625 14
2013-08-16 0.672727 0.625 5
2013-08-17 0.763636 0.6875 8
2013-08-18 0.609091 0.75 14
2013-08-19 0.763636 0.8125 5
2013-08-20 0.5 0.875 38
2013-08-21 0.481818 0.9375 46
2013-08-22 0.318182 1 68
2013-08-23 0.236364 0.928571 69
2013-08-24 0.354545 0.857143 50
2013-08-25 0.736364 0.785714 5
2013-08-26 0.4 0.714286 31
2013-08-27 0.6 0.642857 4
2013-08-28 0.527273 0.571429 4
2013-08-29 0.245455 0.5 25
2013-08-30 0.436364 0.428571 1
2013-08-31 0 0.357143 36
2013-09-01 0.0909091 0.285714 19
2013-09-02 0.1 0.214286 11
2013-09-03 0.463636 0.142857 32
2013-09-04 0.427273 0.0714286 36
2013-09-05 1 0 100
2013-09-06 0.872881 0.0625 81
2013-09-07 0.847458 0.125 72
2013-09-08 0.690678 0.1875 50
2013-09-09 0.597458 0.25 35
2013-09-10 0.584746 0.3125 27
2013-09-11 0.512712 0.375 14
2013-09-12 0.65678 0.4375 22
2013-09-13 0.605932 0.5 11
2013-09-14 0.665254 0.5625 10
2013-09-15 0.483051 0.625 14
2013-09-16 0.182203 0.6875 51
2013-09-17 0.394068 0.75 36
2013-09-18 0.152542 0.8125 66
2013-09-19 0.347458 0.875 53
2013-09-20 0.330508 0.9375 61
2013-09-21 0.720339 1 28
2013-09-22 0.559322 0.928571 37
2013-09-23 0.220339 0.857143 64
2013-09-24 0.0466102 0.785714 74
2013-09-25 0.233051 0.714286 48
2013-09-26 0.169492 0.642857 47
2013-09-27 0 0.571429 57
2013-09-28 0.0974576 0.5 40
2013-09-29 0.182203 0.428571 25
2013-09-30 0.211864 0.357143 15
2013-10-01 0.0169492 0.285714 27
2013-10-02 0.0974576 0.214286 12
2013-10-03 0.224576 0.142857 8
2013-10-04 0.474576 0.0714286 40
2013-10-05 0.604255 0 60
2013-10-06 0.646809 0.0666667 58
2013-10-07 0.531915 0.133333 40
2013-10-08 0.706383 0.2 51
2013-10-09 0.493617 0.266667 23
2013-10-10 0.629787 0.333333 30
2013-10-11 0.446809 0.4 5
2013-10-12 0.510638 0.466667 4
2013-10-13 0.395745 0.533333 14
2013-10-14 0.442553 0.6 16
2013-10-15 0.27234 0.666667 39
2013-10-16 0.442553 0.733333 29
2013-10-17 0.0212766 0.8 78
2013-10-18 0 0.866667 87
2013-10-19 0.421277 0.933333 51
2013-10-20 0.574468 1 43
2013-10-21 0.67234 0.928571 26
2013-10-22 1 0.857143 14
2013-10-23 0.561702 0.785714 22
2013-10-24 0.382979 0.714286 33
2013-10-25 0.693617 0.642857 5
2013-10-26 0.612766 0.571429 4
2013-10-27 0.646809 0.5 15
2013-10-28 0.489362 0.428571 6
2013-10-29 0.412766 0.357143 6
2013-10-30 0.340426 0.285714 5
2013-10-31 0.446809 0.214286 23
2013-11-01 0.357447 0.142857 21
2013-11-02 0.323404 0.0714286 25
2013-11-03 0.778261 0 78
2013-11-04 0.869565 0.0625 81
2013-11-05 0.604348 0.125 48
2013-11-06 0.765217 0.1875 58
2013-11-07 0.630435 0.25 38
2013-11-08 0.895652 0.3125 58
2013-11-09 0.656522 0.375 28
2013-11-10 0.526087 0.4375 9
2013-11-11 0.834783 0.5 33
2013-11-12 0.773913 0.5625 21
2013-11-13 0.63913 0.625 1
2013-11-14 0.665217 0.6875 2
2013-11-15 1 0.75 25
2013-11-16 0.634783 0.8125 18
2013-11-17 0.643478 0.875 23
2013-11-18 0.730435 0.9375 21
2013-11-19 0.447826 1 55
2013-11-20 0.426087 0.928571 50
2013-11-21 0.513043 0.857143 34
2013-11-22 0.530435 0.785714 26
2013-11-23 0.517391 0.714286 20
2013-11-24 0.243478 0.642857 40
2013-11-25 0 0.571429 57
2013-11-26 0.808696 0.5 31
2013-11-27 0.773913 0.428571 35
2013-11-28 0.495652 0.357143 14
2013-11-29 0.513043 0.285714 23
2013-11-30 0.8 0.214286 59
2013-12-01 0.195652 0.142857 5
2013-12-02 0.652174 0.0714286 58
2013-12-03 0.702128 0 70
2013-12-04 0.617021 0.0666667 55
2013-12-05 0.459574 0.133333 33
2013-12-06 0 0.2 20
2013-12-07 0.331915 0.266667 7
2013-12-08 0.485106 0.333333 15
2013-12-09 0.774468 0.4 37
2013-12-10 0.744681 0.466667 28
2013-12-11 0.497872 0.533333 4
2013-12-12 0.659574 0.6 6
2013-12-13 0.574468 0.666667 9
2013-12-14 0.719149 0.733333 1
2013-12-15 0.851064 0.8 5
2013-12-16 0.655319 0.866667 21
2013-12-17 0.604255 0.933333 33
2013-12-18 0.702128 1 30
2013-12-19 0.557447 0.928571 37
2013-12-20 0.710638 0.857143 15
2013-12-21 0.8 0.785714 1
2013-12-22 0.629787 0.714286 8
2013-12-23 1 0.642857 36
2013-12-24 0.748936 0.571429 18
2013-12-25 0.489362 0.5 1
2013-12-26 0.680851 0.428571 25
2013-12-27 0.66383 0.357143 31
2013-12-28 0.659574 0.285714 37
2013-12-29 0.642553 0.214286 43
2013-12-30 0.502128 0.142857 36
2013-12-31 0.480851 0.0714286 41
2014-01-01 0.722846 0 72
2014-01-02 0.883895 0.0666667 82
2014-01-03 0.805243 0.133333 67
2014-01-04 0.838951 0.2 64
2014-01-05 0.779026 0.266667 51
2014-01-06 1 0.333333 67
2014-01-07 0.913858 0.4 51
2014-01-08 0.940075 0.466667 47
2014-01-09 0.861423 0.533333 33
2014-01-10 0.816479 0.6 22
2014-01-11 0.588015 0.666667 8
2014-01-12 0.235955 0.733333 50
2014-01-13 0.599251 0.8 20
2014-01-14 0.554307 0.866667 31
2014-01-15 0.498127 0.933333 44
2014-01-16 0.468165 1 53
2014-01-17 0.483146 0.928571 45
2014-01-18 0.483146 0.857143 37
2014-01-19 0.468165 0.785714 32
2014-01-20 0.449438 0.714286 26
2014-01-21 0.325843 0.642857 32
2014-01-22 0.292135 0.571429 28
2014-01-23 0.168539 0.5 33
2014-01-24 0 0.428571 43
2014-01-25 0.0149813 0.357143 34
2014-01-26 0.17603 0.285714 11
2014-01-27 0.344569 0.214286 13
2014-01-28 0.104869 0.142857 4
2014-01-29 0.123596 0.0714286 5
2014-01-30 0 0
2014-01-31 0.417722 0.0625 36
2014-02-01 0.462025 0.125 34
2014-02-02 0.386076 0.1875 20
2014-02-03 0.265823 0.25 2
2014-02-04 0.259494 0.3125 5
2014-02-05 0.518987 0.375 14
2014-02-06 0.879747 0.4375 44
2014-02-07 0.803797 0.5 30
2014-02-08 0.841772 0.5625 28
2014-02-09 0.639241 0.625 1
2014-02-10 0.601266 0.6875 9
2014-02-11 0.481013 0.75 27
2014-02-12 0.537975 0.8125 27
2014-02-13 0.71519 0.875 16
2014-02-14 0.974684 0.9375 4
2014-02-15 0.955696 1 4
2014-02-16 0.765823 0.928571 16
2014-02-17 0.588608 0.857143 27
2014-02-18 0.772152 0.785714 1
2014-02-19 0.911392 0.714286 20
2014-02-20 1 0.642857 36
2014-02-21 0.78481 0.571429 21
2014-02-22 0.78481 0.5 28
2014-02-23 0.727848 0.428571 30
2014-02-24 0.696203 0.357143 34
2014-02-25 0.696203 0.285714 41
2014-02-26 0.71519 0.214286 50
2014-02-27 0.778481 0.142857 64
2014-02-28 0.664557 0.0714286 59
2014-03-01 0.136054 0 14
2014-03-02 0.170068 0.0666667 10
2014-03-03 0.238095 0.133333 10
2014-03-04 0.238095 0.2 4
2014-03-05 0 0.266667 27
2014-03-06 0.380952 0.333333 5
2014-03-07 0.258503 0.4 14
2014-03-08 0.380952 0.466667 9
2014-03-09 0.408163 0.533333 13
2014-03-10 0.183673 0.6 42
2014-03-11 0.0136054 0.666667 65
2014-03-12 0.231293 0.733333 50
2014-03-13 0.496599 0.8 30
2014-03-14 0.632653 0.866667 23
2014-03-15 0.632653 0.933333 30
2014-03-16 0.816327 1 18
2014-03-17 0.789116 0.928571 14
2014-03-18 0.768707 0.857143 9
2014-03-19 1 0.785714 21
2014-03-20 0.727891 0.714286 1
2014-03-21 0.278912 0.642857 36
2014-03-22 0.353741 0.571429 22
2014-03-23 0.190476 0.5 31
2014-03-24 0 0.428571 43
2014-03-25 0.272109 0.357143 9
2014-03-26 0.183673 0.285714 10
2014-03-27 0.598639 0.214286 38
2014-03-28 0.598639 0.142857 46
2014-03-29 0.598639 0.0714286 53
2014-03-30 0.0873786 0 9
2014-03-31 0.116505 0.0625 5
2014-04-01 0.0242718 0.125 10
2014-04-02 0.203883 0.1875 2
2014-04-03 0 0.25 25
2014-04-04 0.121359 0.3125 19
2014-04-05 0.504854 0.375 13
2014-04-06 0.859223 0.4375 42
2014-04-07 0.665049 0.5 17
2014-04-08 0.334951 0.5625 23
2014-04-09 0.305825 0.625 32
2014-04-10 0.42233 0.6875 27
2014-04-11 0.276699 0.75 47
2014-04-12 0.529126 0.8125 28
2014-04-13 0.325243 0.875 55
2014-04-14 0.417476 0.9375 52
2014-04-15 0.271845 1 73
2014-04-16 0.446602 0.928571 48
2014-04-17 0.407767 0.857143 45
2014-04-18 0.68932 0.785714 10
2014-04-19 0.980583 0.714286 27
2014-04-20 0.893204 0.642857 25
2014-04-21 0.927184 0.571429 36
2014-04-22 0.776699 0.5 28
2014-04-23 0.514563 0.428571 9
2014-04-24 0.747573 0.357143 39
2014-04-25 0.873786 0.285714 59
2014-04-26 0.927184 0.214286 71
2014-04-27 0.917476 0.142857 77
2014-04-28 1 0.0714286 93
2014-04-29 0.36803 0 37
2014-04-30 0.152416 0.0666667 9
2014-05-01 0 0.133333 13
2014-05-02 0.234201 0.2 3
2014-05-03 0.0966543 0.266667 17
2014-05-04 0.0446097 0.333333 29
2014-05-05 0.189591 0.4 21
2014-05-06 0.226766 0.466667 24
2014-05-07 0.249071 0.533333 28
2014-05-08 0.256506 0.6 34
2014-05-09 0.241636 0.666667 43
2014-05-10 0.297398 0.733333 44
2014-05-11 0.237918 0.8 56
2014-05-12 0.182156 0.866667 68
2014-05-13 0.200743 0.933333 73
2014-05-14 0.204461 1 80
2014-05-15 0.390335 0.928571 54
2014-05-16 0.572491 0.857143 28
2014-05-17 0.36803 0.785714 42
2014-05-18 0.464684 0.714286 25
2014-05-19 0.520446 0.642857 12
2014-05-20 0.933086 0.571429 36
2014-05-21 1 0.5 50
2014-05-22 0.933086 0.428571 50
2014-05-23 0.650558 0.357143 29
2014-05-24 0.810409 0.285714 52
2014-05-25 0.747212 0.214286 53
2014-05-26 0.405204 0.142857 26
2014-05-27 0.159851 0.0714286 9
2014-05-28 0 0
2014-05-29 0.590909 0.0625 53
2014-05-30 0.292208 0.125 17
2014-05-31 0.448052 0.1875 26
2014-06-01 0.512987 0.25 26
2014-06-02 0.188312 0.3125 12
2014-06-03 0.142857 0.375 23
2014-06-04 0.318182 0.4375 12
2014-06-05 0.454545 0.5 5
2014-06-06 0.62987 0.5625 7
2014-06-07 0.935065 0.625 31
2014-06-08 1 0.6875 31
2014-06-09 0.974026 0.75 22
2014-06-10 0.915584 0.8125 10
2014-06-11 0.662338 0.875 21
2014-06-12 0.454545 0.9375 48
2014-06-13 0.415584 1 58
2014-06-14 0.681818 0.928571 25
2014-06-15 0.590909 0.857143 27
2014-06-16 0.662338 0.785714 12
2014-06-17 0.88961 0.714286 18
2014-06-18 0.168831 0.642857 47
2014-06-19 0.487013 0.571429 8
2014-06-20 0.207792 0.5 29
2014-06-21 0.337662 0.428571 9
2014-06-22 0.246753 0.357143 11
2014-06-23 0.175325 0.285714 11
2014-06-24 0.448052 0.214286 23
2014-06-25 0.337662 0.142857 19
2014-06-26 0.571429 0.0714286 50
2014-06-27 0.162921 0 16
2014-06-28 0.0168539 0.0625 5
2014-06-29 0.286517 0.125 16
2014-06-30 0 0.1875 19
2014-07-01 0.264045 0.25 1
2014-07-02 0.179775 0.3125 13
2014-07-03 0.539326 0.375 16
2014-07-04 0.595506 0.4375 16
2014-07-05 0.808989 0.5 31
2014-07-06 0.646067 0.5625 8
2014-07-07 0.735955 0.625 11
2014-07-08 1 0.6875 31
2014-07-09 0.921348 0.75 17
2014-07-10 0.511236 0.8125 30
2014-07-11 0.134831 0.875 74
2014-07-12 0.0617978 0.9375 88
2014-07-13 0.224719 1 78
2014-07-14 0.460674 0.928571 47
2014-07-15 0.426966 0.857143 43
2014-07-16 0.477528 0.785714 31
2014-07-17 0.668539 0.714286 5
2014-07-18 0.803371 0.642857 16
2014-07-19 0.646067 0.571429 7
2014-07-20 0.735955 0.5 24
2014-07-21 0.707865 0.428571 28
2014-07-22 0.88764 0.357143 53
2014-07-23 0.808989 0.285714 52
2014-07-24 0.865169 0.214286 65
2014-07-25 0.865169 0.142857 72
2014-07-26 0.910112 0.0714286 84
2014-07-27 0.964758 0 96
2014-07-28 1 0.0666667 93
2014-07-29 0.656388 0.133333 52
2014-07-30 0.762115 0.2 56
2014-07-31 0.744493 0.266667 48
2014-08-01 0.748899 0.333333 42
2014-08-02 0.898678 0.4 50
2014-08-03 0.621145 0.466667 15
2014-08-04 0.674009 0.533333 14
2014-08-05 0.634361 0.6 3
2014-08-06 0.757709 0.666667 9
2014-08-07 0.511013 0.733333 22
2014-08-08 0.660793 0.8 14
2014-08-09 0.414097 0.866667 45
2014-08-10 0.60793 0.933333 33
2014-08-11 0.511013 1 49
2014-08-12 0.431718 0.928571 50
2014-08-13 0.414097 0.857143 44
2014-08-14 0.290749 0.785714 49
2014-08-15 0.321586 0.714286 39
2014-08-16 0.167401 0.642857 48
2014-08-17 0.202643 0.571429 37
2014-08-18 0.180617 0.5 32
2014-08-19 0.176211 0.428571 25
2014-08-20 0.140969 0.357143 22
2014-08-21 0.061674 0.285714 22
2014-08-22 0.127753 0.214286 9
2014-08-23 0.101322 0.142857 4
2014-08-24 0 0.0714286 7
2014-08-25 0.570093 0 57
2014-08-26 0.878505 0.0625 82
2014-08-27 0.738318 0.125 61
2014-08-28 0.719626 0.1875 53
2014-08-29 0.771028 0.25 52
2014-08-30 0.803738 0.3125 49
2014-08-31 0.85514 0.375 48
2014-09-01 0.700935 0.4375 26
2014-09-02 0.747664 0.5 25
2014-09-03 0.785047 0.5625 22
2014-09-04 0.962617 0.625 34
2014-09-05 0.981308 0.6875 29
2014-09-06 1 0.75 25
2014-09-07 0.85514 0.8125 4
2014-09-08 0.691589 0.875 18
2014-09-09 0.696262 0.9375 24
2014-09-10 0.799065 1 20
2014-09-11 0.808411 0.928571 12
2014-09-12 0.785047 0.857143 7
2014-09-13 0.88785 0.785714 10
2014-09-14 0.803738 0.714286 9
2014-09-15 0.733645 0.642857 9
2014-09-16 0.82243 0.571429 25
2014-09-17 0.803738 0.5 30
2014-09-18 0.82243 0.428571 39
2014-09-19 0.766355 0.357143 41
2014-09-20 0.817757 0.285714 53
2014-09-21 0.294393 0.214286 8
2014-09-22 0 0.142857 14
2014-09-23 0.686916 0.0714286 62
2014-09-24 0.557692 0 56
2014-09-25 1 0.0666667 93
2014-09-26 0.634615 0.133333 50
2014-09-27 0.826923 0.2 63
2014-09-28 0.528846 0.266667 26
2014-09-29 0.548077 0.333333 21
2014-09-30 0.548077 0.4 15
2014-10-01 0.894231 0.466667 43
2014-10-02 0.567308 0.533333 3
2014-10-03 0.826923 0.6 23
2014-10-04 0.298077 0.666667 37
2014-10-05 0.230769 0.733333 50
2014-10-06 0.634615 0.8 17
2014-10-07 0.365385 0.866667 50
2014-10-08 0.980769 0.933333 5
2014-10-09 0.432692 1 57
2014-10-10 0.346154 0.928571 58
2014-10-11 0.259615 0.857143 60
2014-10-12 0.134615 0.785714 65
2014-10-13 0.144231 0.714286 57
2014-10-14 0.269231 0.642857 37
2014-10-15 0.336538 0.571429 23
2014-10-16 0.25 0.5 25
2014-10-17 0.538462 0.428571 11
2014-10-18 0.961538 0.357143 60
2014-10-19 0.653846 0.285714 37
2014-10-20 0.163462 0.214286 5
2014-10-21 0.173077 0.142857 3
2014-10-22 0 0.0714286 7
2014-10-23 0.818681 0 82
2014-10-24 0.736264 0.0625 67
2014-10-25 0.802198 0.125 68
2014-10-26 1 0.1875 81
2014-10-27 0.642857 0.25 39
2014-10-28 0.538462 0.3125 23
2014-10-29 0 0.375 38
2014-10-30 0.626374 0.4375 19
2014-10-31 0.895604 0.5 40
2014-11-01 0.846154 0.5625 28
2014-11-02 1 0.625 38
2014-11-03 0.835165 0.6875 15
2014-11-04 0.637363 0.75 11
2014-11-05 0.571429 0.8125 24
2014-11-06 0.39011 0.875 48
2014-11-07 0.60989 0.9375 33
2014-11-08 0.576923 1 42
2014-11-09 0.604396 0.928571 32
2014-11-10 0.478022 0.857143 38
2014-11-11 0.802198 0.785714 2
2014-11-12 0.686813 0.714286 3
2014-11-13 0.692308 0.642857 5
2014-11-14 0.626374 0.571429 5
2014-11-15 0.510989 0.5 1
2014-11-16 0.505495 0.428571 8
2014-11-17 0.412088 0.357143 5
2014-11-18 0.137363 0.285714 15
2014-11-19 0.197802 0.214286 2
2014-11-20 0.186813 0.142857 4
2014-11-21 0.21978 0.0714286 15
2014-11-22 0.819444 0 82
2014-11-23 0.854167 0.0625 79
2014-11-24 0.381944 0.125 26
2014-11-25 0.569444 0.1875 38
2014-11-26 0.340278 0.25 9
2014-11-27 0.243056 0.3125 7
2014-11-28 0.0694444 0.375 31
2014-11-29 0.0625 0.4375 38
2014-11-30 0.0416667 0.5 46
2014-12-01 0 0.5625 56
2014-12-02 0.0694444 0.625 56
2014-12-03 0.270833 0.6875 42
2014-12-04 0.4375 0.75 31
2014-12-05 0.256944 0.8125 56
2014-12-06 0.291667 0.875 58
2014-12-07 0.368056 0.9375 57
2014-12-08 0.361111 1 64
2014-12-09 0.381944 0.928571 55
2014-12-10 0.375 0.857143 48
2014-12-11 0.416667 0.785714 37
2014-12-12 0.493056 0.714286 22
2014-12-13 0.111111 0.642857 53
2014-12-14 0.444444 0.571429 13
2014-12-15 0.298611 0.5 20
2014-12-16 0.458333 0.428571 3
2014-12-17 0.881944 0.357143 52
2014-12-18 0.819444 0.285714 53
2014-12-19 0.340278 0.214286 13
2014-12-20 0.527778 0.142857 38
2014-12-21 1 0.0714286 93
