2010-01-15 0.823232 0 82
2010-01-16 0.808081 0.0625 75
2010-01-17 0.813131 0.125 69
2010-01-18 0.929293 0.1875 74
2010-01-19 0.944444 0.25 69
2010-01-20 0.843434 0.3125 53
2010-01-21 0.883838 0.375 51
2010-01-22 0.813131 0.4375 38
2010-01-23 0.535354 0.5 4
2010-01-24 0.424242 0.5625 14
2010-01-25 0.29798 0.625 33
2010-01-26 0.141414 0.6875 55
2010-01-27 0.732323 0.75 2
2010-01-28 0.888889 0.8125 8
2010-01-29 0.409091 0.875 47
2010-01-30 0 0.9375 94
2010-01-31 0.621212 1 38
2010-02-01 0.828283 0.928571 10
2010-02-02 0.813131 0.857143 4
2010-02-03 0.919192 0.785714 13
2010-02-04 0.661616 0.714286 5
2010-02-05 1 0.642857 36
2010-02-06 0.888889 0.571429 32
2010-02-07 0.737374 0.5 24
2010-02-08 0.530303 0.428571 10
2010-02-09 0.651515 0.357143 29
2010-02-10 0.686869 0.285714 40
2010-02-11 0.459596 0.214286 25
2010-02-12 0.525253 0.142857 38
2010-02-13 0.671717 0.0714286 60
2010-02-14 0.349693 0 35
2010-02-15 0.472393 0.0666667 41
2010-02-16 0.539877 0.133333 41
2010-02-17 0.625767 0.2 43
2010-02-18 0.705521 0.266667 44
2010-02-19 0.828221 0.333333 49
2010-02-20 0.779141 0.4 38
2010-02-21 0.0920245 0.466667 37
2010-02-22 0.325153 0.533333 21
2010-02-23 0.398773 0.6 20
2010-02-24 0.263804 0.666667 40
2010-02-25 0.840491 0.733333 11
2010-02-26 1 0.8 20
2010-02-27 0.95092 0.866667 8
2010-02-28 0.96319 0.933333 3
2010-03-01 0.877301 1 12
2010-03-02 0.717791 0.928571 21
2010-03-03 0.644172 0.857143 21
2010-03-04 0.0858896 0.785714 70
2010-03-05 0 0.714286 71
2010-03-06 0.141104 0.642857 50
2010-03-07 0.503067 0.571429 7
2010-03-08 0.349693 0.5 15
2010-03-09 0.466258 0.428571 4
2010-03-10 0.447853 0.357143 9
2010-03-11 0.711656 0.285714 43
2010-03-12 0.877301 0.214286 66
2010-03-13 0.895706 0.142857 75
2010-03-14 0.791411 0.0714286 72
2010-03-15 0.129167 0 13
2010-03-16 0 0.0625 6
2010-03-17 0.475 0.125 35
2010-03-18 0.604167 0.1875 42
2010-03-19 0.675 0.25 43
2010-03-20 0.720833 0.3125 41
2010-03-21 0.754167 0.375 38
2010-03-22 0.491667 0.4375 5
2010-03-23 0.675 0.5 18
2010-03-24 0.425 0.5625 14
2010-03-25 0.6375 0.625 1
2010-03-26 1 0.6875 31
2010-03-27 0.679167 0.75 7
2010-03-28 0.695833 0.8125 12
2010-03-29 0.695833 0.875 18
2010-03-30 0.6 0.9375 34
2010-03-31 0.804167 1 20
2010-04-01 0.475 0.928571 45
2010-04-02 0.5125 0.857143 34
2010-04-03 0.625 0.785714 16
2010-04-04 0.575 0.714286 14
2010-04-05 0.654167 0.642857 1
2010-04-06 0.658333 0.571429 9
2010-04-07 0.7 0.5 20
2010-04-08 0.783333 0.428571 35
2010-04-09 0.758333 0.357143 40
2010-04-10 0.6875 0.285714 40
2010-04-11 0.829167 0.214286 61
2010-04-12 0.666667 0.142857 52
2010-04-13 0.629167 0.0714286 56
2010-04-14 0.32287 0 32
2010-04-15 0.282511 0.0625 22
2010-04-16 0.390135 0.125 27
2010-04-17 0.390135 0.1875 20
2010-04-18 0.461883 0.25 21
2010-04-19 0.255605 0.3125 6
2010-04-20 0 0.375 38
2010-04-21 0.139013 0.4375 30
2010-04-22 0.237668 0.5 26
2010-04-23 0.286996 0.5625 28
2010-04-24 0.313901 0.625 31
2010-04-25 0.381166 0.6875 31
2010-04-26 0.869955 0.75 12
2010-04-27 0.623318 0.8125 19
2010-04-28 0.686099 0.875 19
2010-04-29 1 0.9375 6
2010-04-30 0.892377 1 11
2010-05-01 0.627803 0.928571 30
2010-05-02 0.591928 0.857143 27
2010-05-03 0.430493 0.785714 36
2010-05-04 0.331839 0.714286 38
2010-05-05 0.358744 0.642857 28
2010-05-06 0.273543 0.571429 30
2010-05-07 0.358744 0.5 14
2010-05-08 0.300448 0.428571 13
2010-05-09 0.408072 0.357143 5
2010-05-10 0.470852 0.285714 19
2010-05-11 0.484305 0.214286 27
2010-05-12 0.41704 0.142857 27
2010-05-13 0.565022 0.0714286 49
2010-05-14 0.184358 0 18
2010-05-15 0.0335196 0.0666667 3
2010-05-16 0 0.133333 13
2010-05-17 0.251397 0.2 5
2010-05-18 0.497207 0.266667 23
2010-05-19 0.787709 0.333333 45
2010-05-20 0.932961 0.4 53
2010-05-21 0.899441 0.466667 43
2010-05-22 0.927374 0.533333 39
2010-05-23 0.759777 0.6 16
2010-05-24 0.430168 0.666667 24
2010-05-25 0.212291 0.733333 52
2010-05-26 0.312849 0.8 49
2010-05-27 0.329609 0.866667 54
2010-05-28 0.134078 0.933333 80
2010-05-29 0.340782 1 66
2010-05-30 0.335196 0.928571 59
2010-05-31 0.558659 0.857143 30
2010-06-01 0.402235 0.785714 38
2010-06-02 0.960894 0.714286 25
2010-06-03 0.575419 0.642857 7
2010-06-04 1 0.571429 43
2010-06-05 0.882682 0.5 38
2010-06-06 0.916201 0.428571 49
2010-06-07 0.463687 0.357143 11
2010-06-08 0.782123 0.285714 50
2010-06-09 0.620112 0.214286 41
2010-06-10 0.681564 0.142857 54
2010-06-11 0.776536 0.0714286 71
2010-06-12 0 0
2010-06-13 0.0503597 0.0666667 2
2010-06-14 0.0755396 0.133333 6
2010-06-15 0.0827338 0.2 12
2010-06-16 0.273381 0.266667 1
2010-06-17 0.205036 0.333333 13
2010-06-18 0.169065 0.4 23
2010-06-19 0.00359712 0.466667 46
2010-06-20 0.0611511 0.533333 47
2010-06-21 0.165468 0.6 43
2010-06-22 0.219424 0.666667 45
2010-06-23 0.356115 0.733333 38
2010-06-24 0.428058 0.8 37
2010-06-25 0.280576 0.866667 59
2010-06-26 0.284173 0.933333 65
2010-06-27 0.327338 1 67
2010-06-28 0.431655 0.928571 50
2010-06-29 0.57554 0.857143 28
2010-06-30 0.435252 0.785714 35
2010-07-01 0.302158 0.714286 41
2010-07-02 0.618705 0.642857 2
2010-07-03 0.816547 0.571429 25
2010-07-04 0.629496 0.5 13
2010-07-05 0.568345 0.428571 14
2010-07-06 0.417266 0.357143 6
2010-07-07 0.44964 0.285714 16
2010-07-08 0.535971 0.214286 32
2010-07-09 0.820144 0.142857 68
2010-07-10 1 0.0714286 93
2010-07-11 1 0 100
2010-07-12 0.969072 0.0625 91
2010-07-13 0.659794 0.125 53
2010-07-14 0.525773 0.1875 34
2010-07-15 0.762887 0.25 51
2010-07-16 0.793814 0.3125 48
2010-07-17 0.592784 0.375 22
2010-07-18 0.128866 0.4375 31
2010-07-19 0.314433 0.5 19
2010-07-20 0.572165 0.5625 1
2010-07-21 0.85567 0.625 23
2010-07-22 0.721649 0.6875 3
2010-07-23 0.438144 0.75 31
2010-07-24 0.118557 0.8125 69
2010-07-25 0 0.875 88
2010-07-26 0.371134 0.9375 57
2010-07-27 0.340206 1 66
2010-07-28 0.35567 0.928571 57
2010-07-29 0.139175 0.857143 72
2010-07-30 0.0773196 0.785714 71
2010-07-31 0.154639 0.714286 56
2010-08-01 0.402062 0.642857 24
2010-08-02 0.350515 0.571429 22
2010-08-03 0.14433 0.5 36
2010-08-04 0.123711 0.428571 30
2010-08-05 0.458763 0.357143 10
2010-08-06 0.427835 0.285714 14
2010-08-07 0.396907 0.214286 18
2010-08-08 0.134021 0.142857 1
2010-08-09 0.118557 0.0714286 5
2010-08-10 0.519802 0 52
2010-08-11 0.836634 0.0666667 77
2010-08-12 0.633663 0.133333 50
2010-08-13 0.841584 0.2 64
2010-08-14 0.70297 0.266667 44
2010-08-15 0.886139 0.333333 55
2010-08-16 1 0.4 60
2010-08-17 0.69802 0.466667 23
2010-08-18 0.613861 0.533333 8
2010-08-19 0.613861 0.6 1
2010-08-20 0.653465 0.666667 1
2010-08-21 0.90099 0.733333 17
2010-08-22 0.876238 0.8 8
2010-08-23 0.524752 0.866667 34
2010-08-24 0.608911 0.933333 32
2010-08-25 0.450495 1 55
2010-08-26 0.465347 0.928571 46
2010-08-27 0.321782 0.857143 54
2010-08-28 0.381188 0.785714 40
2010-08-29 0.0247525 0.714286 69
2010-08-30 0.341584 0.642857 30
2010-08-31 0.188119 0.571429 38
2010-09-01 0.183168 0.5 32
2010-09-02 0.207921 0.428571 22
2010-09-03 0.0544554 0.357143 30
2010-09-04 0.0792079 0.285714 21
2010-09-05 0 0.214286 21
2010-09-06 0.0643564 0.142857 8
2010-09-07 0.212871 0.0714286 14
2010-09-08 0.91573 0 92
2010-09-09 0.949438 0.0666667 88
2010-09-10 0.803371 0.133333 67
2010-09-11 0.848315 0.2 65
2010-09-12 1 0.266667 73
2010-09-13 0.831461 0.333333 50
2010-09-14 0.893258 0.4 49
2010-09-15 0.730337 0.466667 26
2010-09-16 0.629213 0.533333 10
2010-09-17 0.651685 0.6 5
2010-09-18 0.550562 0.666667 12
2010-09-19 0.533708 0.733333 20
2010-09-20 0.741573 0.8 6
2010-09-21 0.646067 0.866667 22
2010-09-22 0.331461 0.933333 60
2010-09-23 0.696629 1 30
2010-09-24 0.853933 0.928571 7
2010-09-25 0.814607 0.857143 4
2010-09-26 0.831461 0.785714 5
2010-09-27 0.623596 0.714286 9
2010-09-28 0.101124 0.642857 54
2010-09-29 0.168539 0.571429 40
2010-09-30 0 0.5 50
2010-10-01 0.140449 0.428571 29
2010-10-02 0.337079 0.357143 2
2010-10-03 0.516854 0.285714 23
2010-10-04 0.550562 0.214286 34
2010-10-05 0.522472 0.142857 38
2010-10-06 0.617978 0.0714286 55
2010-10-07 1 0 100
2010-10-08 0.893023 0.0625 83
2010-10-09 0.734884 0.125 61
2010-10-10 0.465116 0.1875 28
2010-10-11 0.483721 0.25 23
2010-10-12 0.390698 0.3125 8
2010-10-13 0.423256 0.375 5
2010-10-14 0.869767 0.4375 43
2010-10-15 0.432558 0.5 7
2010-10-16 0.130233 0.5625 43
2010-10-17 0 0.625 62
2010-10-18 0.423256 0.6875 26
2010-10-19 0.711628 0.75 4
2010-10-20 0.553488 0.8125 26
2010-10-21 0.2 0.875 68
2010-10-22 0.613953 0.9375 32
2010-10-23 0.8 1 20
2010-10-24 0.693023 0.928571 24
2010-10-25 0.427907 0.857143 43
2010-10-26 0.0837209 0.785714 70
2010-10-27 0.47907 0.714286 24
2010-10-28 0.893023 0.642857 25
2010-10-29 0.846512 0.571429 28
2010-10-30 0.75814 0.5 26
2010-10-31 0.939535 0.428571 51
2010-11-01 0.744186 0.357143 39
2010-11-02 0.725581 0.285714 44
2010-11-03 0.823256 0.214286 61
2010-11-04 0.855814 0.142857 71
2010-11-05 0.860465 0.0714286 79
2010-11-06 0.908012 0 91
2010-11-07 0.504451 0.0666667 44
2010-11-08 0.596439 0.133333 46
2010-11-09 0.709199 0.2 51
2010-11-10 0.79822 0.266667 53
2010-11-11 0.777448 0.333333 44
2010-11-12 1 0.4 60
2010-11-13 0.982196 0.466667 52
2010-11-14 0.925816 0.533333 39
2010-11-15 0.988131 0.6 39
2010-11-16 0.632047 0.666667 3
2010-11-17 0.759644 0.733333 3
2010-11-18 0.747774 0.8 5
2010-11-19 0.596439 0.866667 27
2010-11-20 0.635015 0.933333 30
2010-11-21 0.756677 1 24
2010-11-22 0.718101 0.928571 21
2010-11-23 0.605341 0.857143 25
2010-11-24 0.394659 0.785714 39
2010-11-25 0.367953 0.714286 35
2010-11-26 0.323442 0.642857 32
2010-11-27 0.332344 0.571429 24
2010-11-28 0.356083 0.5 14
2010-11-29 0.284866 0.428571 14
2010-11-30 0 0.357143 36
2010-12-01 0.183976 0.285714 10
2010-12-02 0.272997 0.214286 6
2010-12-03 0.219585 0.142857 8
2010-12-04 0.267062 0.0714286 20
2010-12-05 0.80427 0 80
2010-12-06 0.729537 0.0625 67
2010-12-07 0.800712 0.125 68
2010-12-08 0.711744 0.1875 52
2010-12-09 0.576512 0.25 33
2010-12-10 0.469751 0.3125 16
2010-12-11 1 0.375 62
2010-12-12 0.55516 0.4375 12
2010-12-13 0.391459 0.5 11
2010-12-14 0.437722 0.5625 12
2010-12-15 0.30605 0.625 32
2010-12-16 0.725979 0.6875 4
2010-12-17 0.512456 0.75 24
2010-12-18 0.530249 0.8125 28
2010-12-19 0.252669 0.875 62
2010-12-20 0.345196 0.9375 59
2010-12-21 0.024911 1 98
2010-12-22 0.0427046 0.928571 89
2010-12-23 0.615658 0.857143 24
2010-12-24 0.341637 0.785714 44
2010-12-25 0.00355872 0.714286 71
2010-12-26 0.437722 0.642857 21
2010-12-27 0.281139 0.571429 29
2010-12-28 0.480427 0.5 2
2010-12-29 0.241993 0.428571 19
2010-12-30 0.412811 0.357143 6
2010-12-31 0.761566 0.285714 48
2011-01-01 0.911032 0.214286 70
2011-01-02 0.580071 0.142857 44
2011-01-03 0 0.0714286 7
2011-01-04 0.588496 0 59
2011-01-05 0.433628 0.0625 37
2011-01-06 0.570796 0.125 45
2011-01-07 0.628319 0.1875 44
2011-01-08 0.871681 0.25 62
2011-01-09 0.765487 0.3125 45
2011-01-10 0.725664 0.375 35
2011-01-11 0.561947 0.4375 12
2011-01-12 0.70354 0.5 20
2011-01-13 0.654867 0.5625 9
2011-01-14 0.752212 0.625 13
2011-01-15 0.761062 0.6875 7
2011-01-16 0.973451 0.75 22
2011-01-17 1 0.8125 19
2011-01-18 0.893805 0.875 2
2011-01-19 0.787611 0.9375 15
2011-01-20 0.513274 1 49
2011-01-21 0.530973 0.928571 40
2011-01-22 0.637168 0.857143 22
2011-01-23 0.615044 0.785714 17
2011-01-24 0.769912 0.714286 6
2011-01-25 0.827434 0.642857 18
2011-01-26 0.331858 0.571429 24
2011-01-27 0 0.5 50
2011-01-28 0.132743 0.428571 30
2011-01-29 0.597345 0.357143 24
2011-01-30 0.181416 0.285714 10
2011-01-31 0.442478 0.214286 23
2011-02-01 0.685841 0.142857 54
2011-02-02 0.80531 0.0714286 73
2011-02-03 0.766187 0 77
2011-02-04 0.816547 0.0666667 75
2011-02-05 1 0.133333 87
2011-02-06 0.791367 0.2 59
2011-02-07 0.953237 0.266667 69
2011-02-08 0.920863 0.333333 59
2011-02-09 0.798561 0.4 40
2011-02-10 0.820144 0.466667 35
2011-02-11 0.719424 0.533333 19
2011-02-12 0.205036 0.6 39
2011-02-13 0.442446 0.666667 22
2011-02-14 0.399281 0.733333 33
2011-02-15 0.384892 0.8 42
2011-02-16 0.442446 0.866667 42
2011-02-17 0.5 0.933333 43
2011-02-18 0.435252 1 56
2011-02-19 0.0791367 0.928571 85
2011-02-20 0 0.857143 86
2011-02-21 0.258993 0.785714 53
2011-02-22 0.057554 0.714286 66
2011-02-23 0.143885 0.642857 50
2011-02-24 0.26259 0.571429 31
2011-02-25 0.341727 0.5 16
2011-02-26 0.485612 0.428571 6
2011-02-27 0.521583 0.357143 16
2011-02-28 0.57554 0.285714 29
2011-03-01 0.579137 0.214286 36
2011-03-02 0.539568 0.142857 40
2011-03-03 0.52518 0.0714286 45
2011-03-04 0.341637 0 34
2011-03-05 0.469751 0.0625 41
2011-03-06 0.177936 0.125 5
2011-03-07 0 0.1875 19
2011-03-08 0.160142 0.25 9
2011-03-09 0.345196 0.3125 3
2011-03-10 0.523132 0.375 15
2011-03-11 0.494662 0.4375 6
2011-03-12 0.480427 0.5 2
2011-03-13 0.590747 0.5625 3
2011-03-14 0.72242 0.625 10
2011-03-15 0.391459 0.6875 30
2011-03-16 0.298932 0.75 45
2011-03-17 0.366548 0.8125 45
2011-03-18 0.44484 0.875 43
2011-03-19 0.476868 0.9375 46
2011-03-20 0.466192 1 53
2011-03-21 0.615658 0.928571 31
2011-03-22 0.793594 0.857143 6
2011-03-23 0.679715 0.785714 11
2011-03-24 0.854093 0.714286 14
2011-03-25 0.661922 0.642857 2
2011-03-26 0.188612 0.571429 38
2011-03-27 0.362989 0.5 14
2011-03-28 0.572954 0.428571 14
2011-03-29 0.651246 0.357143 29
2011-03-30 0.672598 0.285714 39
2011-03-31 0.644128 0.214286 43
2011-04-01 0.790036 0.142857 65
2011-04-02 1 0.0714286 93
2011-04-03 0.386792 0 39
2011-04-04 0.306604 0.0625 24
2011-04-05 0.216981 0.125 9
2011-04-06 0.466981 0.1875 28
2011-04-07 0.316038 0.25 7
2011-04-08 0.320755 0.3125 1
2011-04-09 0.316038 0.375 6
2011-04-10 0.363208 0.4375 7
2011-04-11 0.504717 0.5 0
2011-04-12 0.0707547 0.5625 49
2011-04-13 0.150943 0.625 47
2011-04-14 0.212264 0.6875 48
2011-04-15 0.150943 0.75 60
2011-04-16 0.216981 0.8125 60
2011-04-17 0.400943 0.875 47
2011-04-18 0.495283 0.9375 44
2011-04-19 0.471698 1 53
2011-04-20 0.533019 0.928571 40
2011-04-21 0.556604 0.857143 30
2011-04-22 1 0.785714 21
2011-04-23 0.575472 0.714286 14
2011-04-24 0.650943 0.642857 1
2011-04-25 0.745283 0.571429 17
2011-04-26 0.938679 0.5 44
2011-04-27 0.764151 0.428571 34
2011-04-28 0.674528 0.357143 32
2011-04-29 0.627358 0.285714 34
2011-04-30 0.396226 0.214286 18
2011-05-01 0.193396 0.142857 5
2011-05-02 0 0.0714286 7
2011-05-03 0 0
2011-05-04 0.0338346 0.0666667 3
2011-05-05 0.398496 0.133333 27
2011-05-06 0.413534 0.2 21
2011-05-07 0.582707 0.266667 32
2011-05-08 0.548872 0.333333 22
2011-05-09 0.860902 0.4 46
2011-05-10 0.902256 0.466667 44
2011-05-11 0.853383 0.533333 32
2011-05-12 0.657895 0.6 6
2011-05-13 0.642857 0.666667 2
2011-05-14 0.349624 0.733333 38
2011-05-15 0.390977 0.8 41
2011-05-16 0.473684 0.866667 39
2011-05-17 0.571429 0.933333 36
2011-05-18 0.62406 1 38
2011-05-19 0.781955 0.928571 15
2011-05-20 0.718045 0.857143 14
2011-05-21 0.672932 0.785714 11
2011-05-22 0.733083 0.714286 2
2011-05-23 0.725564 0.642857 8
2011-05-24 0.672932 0.571429 10
2011-05-25 0.616541 0.5 12
2011-05-26 0.639098 0.428571 21
2011-05-27 0.605263 0.357143 25
2011-05-28 0.526316 0.285714 24
2011-05-29 0.537594 0.214286 32
2011-05-30 0.988722 0.142857 85
2011-05-31 1 0.0714286 93
2011-06-01 0 0
2011-06-02 0.349206 0.0625 29
2011-06-03 0.57672 0.125 45
2011-06-04 0.534392 0.1875 35
2011-06-05 0.687831 0.25 44
2011-06-06 0.973545 0.3125 66
2011-06-07 0.634921 0.375 26
2011-06-08 0.746032 0.4375 31
2011-06-09 0.402116 0.5 10
2011-06-10 0.227513 0.5625 33
2011-06-11 0.338624 0.625 29
2011-06-12 0.285714 0.6875 40
2011-06-13 0.328042 0.75 42
2011-06-14 0.386243 0.8125 43
2011-06-15 0.312169 0.875 56
2011-06-16 0.333333 0.9375 60
2011-06-17 0.359788 1 64
2011-06-18 0.306878 0.928571 62
2011-06-19 0.253968 0.857143 60
2011-06-20 0.243386 0.785714 54
2011-06-21 0.338624 0.714286 38
2011-06-22 0.555556 0.642857 9
2011-06-23 0.359788 0.571429 21
2011-06-24 0.201058 0.5 30
2011-06-25 0.179894 0.428571 25
2011-06-26 0.222222 0.357143 13
2011-06-27 0.708995 0.285714 42
2011-06-28 0.825397 0.214286 61
2011-06-29 1 0.142857 86
2011-06-30 0.518519 0.0714286 45
2011-07-01 0.30137 0 30
2011-07-02 0.520548 0.0666667 45
2011-07-03 1 0.133333 87
2011-07-04 0.821918 0.2 62
2011-07-05 0.630137 0.266667 36
2011-07-06 0.739726 0.333333 41
2011-07-07 0.794521 0.4 39
2011-07-08 0.561644 0.466667 9
2011-07-09 0.712329 0.533333 18
2011-07-10 0.616438 0.6 2
2011-07-11 0.753425 0.666667 9
2011-07-12 0.60274 0.733333 13
2011-07-13 0.39726 0.8 40
2011-07-14 0.383562 0.866667 48
2011-07-15 0.342466 0.933333 59
2011-07-16 0.452055 1 55
2011-07-17 0.780822 0.928571 15
2011-07-18 0.69863 0.857143 16
2011-07-19 0.726027 0.785714 6
2011-07-20 0.547945 0.714286 17
2011-07-21 0.458904 0.642857 18
2011-07-22 0.657534 0.571429 9
2011-07-23 0.39726 0.5 10
2011-07-24 0 0.428571 43
2011-07-25 0.19863 0.357143 16
2011-07-26 0.575342 0.285714 29
2011-07-27 0.568493 0.214286 35
2011-07-28 0.520548 0.142857 38
2011-07-29 0.760274 0.0714286 69
2011-07-30 0.815068 0 82
2011-07-31 1 0.0625 94
2011-08-01 0.924658 0.125 80
2011-08-02 0.993151 0.1875 81
2011-08-03 0.89726 0.25 65
2011-08-04 0.924658 0.3125 61
2011-08-05 0.787671 0.375 41
2011-08-06 0.746575 0.4375 31
2011-08-07 0.753425 0.5 25
2011-08-08 0.342466 0.5625 22
2011-08-09 0.534247 0.625 9
2011-08-10 0.267123 0.6875 42
2011-08-11 0 0.75 75
2011-08-12 0.315068 0.8125 50
2011-08-13 0.383562 0.875 49
2011-08-14 0.575342 0.9375 36
2011-08-15 0.664384 1 34
2011-08-16 0.390411 0.928571 54
2011-08-17 0.520548 0.857143 34
2011-08-18 0.40411 0.785714 38
2011-08-19 0.315068 0.714286 40
2011-08-20 0.561644 0.642857 8
2011-08-21 0.575342 0.571429 0
2011-08-22 0.691781 0.5 19
2011-08-23 0.383562 0.428571 5
2011-08-24 0.808219 0.357143 45
2011-08-25 0.753425 0.285714 47
2011-08-26 0.787671 0.214286 57
2011-08-27 0.746575 0.142857 60
2011-08-28 0.308219 0.0714286 24
2011-08-29 0.425 0 42
2011-08-30 0.391667 0.0666667 33
2011-08-31 0.283333 0.133333 15
2011-09-01 0.45 0.2 25
2011-09-02 0.333333 0.266667 7
2011-09-03 0.375 0.333333 4
2011-09-04 1 0.4 60
2011-09-05 0.833333 0.466667 37
2011-09-06 0.725 0.533333 19
2011-09-07 0.358333 0.6 24
2011-09-08 0.158333 0.666667 51
2011-09-09 0.258333 0.733333 48
2011-09-10 0.633333 0.8 17
2011-09-11 0.941667 0.866667 8
2011-09-12 0.683333 0.933333 25
2011-09-13 0.633333 1 37
2011-09-14 0.375 0.928571 55
2011-09-15 0.166667 0.857143 69
2011-09-16 0.15 0.785714 64
2011-09-17 0 0.714286 71
2011-09-18 0.4 0.642857 24
2011-09-19 0.116667 0.571429 45
2011-09-20 0.3 0.5 20
2011-09-21 0.533333 0.428571 10
2011-09-22 0.325 0.357143 3
2011-09-23 0.0583333 0.285714 23
2011-09-24 0.225 0.214286 1
2011-09-25 0.05 0.142857 9
2011-09-26 0.383333 0.0714286 31
2011-09-27 0.677536 0 68
2011-09-28 0.75 0.0666667 68
2011-09-29 0.851449 0.133333 72
2011-09-30 0.753623 0.2 55
2011-10-01 0.706522 0.266667 44
2011-10-02 0.73913 0.333333 41
2011-10-03 1 0.4 60
2011-10-04 0.952899 0.466667 49
2011-10-05 0.894928 0.533333 36
2011-10-06 0.724638 0.6 12
2011-10-07 0.59058 0.666667 8
2011-10-08 0.438406 0.733333 29
2011-10-09 0.297101 0.8 50
2011-10-10 0.644928 0.866667 22
2011-10-11 0.532609 0.933333 40
2011-10-12 0.550725 1 45
2011-10-13 0.235507 0.928571 69
2011-10-14 0.115942 0.857143 74
2011-10-15 0 0.785714 79
2011-10-16 0.0978261 0.714286 62
2011-10-17 0.173913 0.642857 47
2011-10-18 0.460145 0.571429 11
2011-10-19 0.492754 0.5 1
2011-10-20 0.34058 0.428571 9
2011-10-21 0.394928 0.357143 4
2011-10-22 0.336957 0.285714 5
2011-10-23 0.134058 0.214286 8
2011-10-24 0.387681 0.142857 24
2011-10-25 0.463768 0.0714286 39
2011-10-26 0.756345 0 76
2011-10-27 0.685279 0.0625 62
2011-10-28 0.77665 0.125 65
2011-10-29 0.649746 0.1875 46
2011-10-30 0.979695 0.25 73
2011-10-31 1 0.3125 69
2011-11-01 0.84264 0.375 47
2011-11-02 0.751269 0.4375 31
2011-11-03 0.741117 0.5 24
2011-11-04 0.670051 0.5625 11
2011-11-05 0.609137 0.625 2
2011-11-06 0.766497 0.6875 8
2011-11-07 0.705584 0.75 4
2011-11-08 0.634518 0.8125 18
2011-11-09 0.670051 0.875 20
2011-11-10 0.553299 0.9375 38
2011-11-11 0.253807 1 75
2011-11-12 0.071066 0.928571 86
2011-11-13 0 0.857143 86
2011-11-14 0.213198 0.785714 57
2011-11-15 0.0558376 0.714286 66
2011-11-16 0.15736 0.642857 49
2011-11-17 0.0659898 0.571429 51
2011-11-18 0.401015 0.5 10
2011-11-19 0.593909 0.428571 17
2011-11-20 0.553299 0.357143 20
2011-11-21 0.253807 0.285714 3
2011-11-22 0.35533 0.214286 14
2011-11-23 0.324873 0.142857 18
2011-11-24 0.629442 0.0714286 56
2011-11-25 0.779762 0 78
2011-11-26 0.696429 0.0666667 63
2011-11-27 1 0.133333 87
2011-11-28 0.684524 0.2 48
2011-11-29 0.404762 0.266667 14
2011-11-30 0.738095 0.333333 40
2011-12-01 0.666667 0.4 27
2011-12-02 0.440476 0.466667 3
2011-12-03 0.583333 0.533333 5
2011-12-04 0.345238 0.6 25
2011-12-05 0.321429 0.666667 35
2011-12-06 0.238095 0.733333 50
2011-12-07 0.232143 0.8 57
2011-12-08 0.244048 0.866667 62
2011-12-09 0.559524 0.933333 37
2011-12-10 0.327381 1 67
2011-12-11 0.434524 0.928571 49
2011-12-12 0.375 0.857143 48
2011-12-13 0.529762 0.785714 26
2011-12-14 0.422619 0.714286 29
2011-12-15 0.380952 0.642857 26
2011-12-16 0.375 0.571429 20
2011-12-17 0.255952 0.5 24
2011-12-18 0.142857 0.428571 29
2011-12-19 0.297619 0.357143 6
2011-12-20 0.0892857 0.285714 20
2011-12-21 0 0.214286 21
2011-12-22 0.202381 0.142857 6
2011-12-23 0.636905 0.0714286 57
2011-12-24 0.603524 0 60
2011-12-25 0.762115 0.0625 70
2011-12-26 1 0.125 88
2011-12-27 0.77533 0.1875 59
2011-12-28 0.555066 0.25 31
2011-12-29 0.647577 0.3125 34
2011-12-30 0.431718 0.375 6
2011-12-31 0 0.4375 44
2012-01-01 0.643172 0.5 14
2012-01-02 0.744493 0.5625 18
2012-01-03 0.651982 0.625 3
2012-01-04 0.69163 0.6875 0
2012-01-05 0.506608 0.75 24
2012-01-06 0.264317 0.8125 55
2012-01-07 0.599119 0.875 28
2012-01-08 0.497797 0.9375 44
2012-01-09 0.356828 1 64
2012-01-10 0.528634 0.928571 40
2012-01-11 0.669604 0.857143 19
2012-01-12 0.687225 0.785714 10
2012-01-13 0.559471 0.714286 15
2012-01-14 0.277533 0.642857 37
2012-01-15 0.140969 0.571429 43
2012-01-16 0.484581 0.5 2
2012-01-17 0.462555 0.428571 3
2012-01-18 0.46696 0.357143 11
2012-01-19 0.38326 0.285714 10
2012-01-20 0.277533 0.214286 6
2012-01-21 0.290749 0.142857 15
2012-01-22 0.23348 0.0714286 16
2012-01-23 0.677741 0 68
2012-01-24 0.481728 0.0666667 42
2012-01-25 0.584718 0.133333 45
2012-01-26 0.697674 0.2 50
2012-01-27 0.774086 0.266667 51
2012-01-28 0.657807 0.333333 32
2012-01-29 0.737542 0.4 34
2012-01-30 0.674419 0.466667 21
2012-01-31 0.641196 0.533333 11
2012-02-01 0.471761 0.6 13
2012-02-02 0.225914 0.666667 44
2012-02-03 0.119601 0.733333 61
2012-02-04 0 0.8 80
2012-02-05 0.30897 0.866667 56
2012-02-06 0.265781 0.933333 67
2012-02-07 0.378738 1 62
2012-02-08 0.621262 0.928571 31
2012-02-09 0.524917 0.857143 33
2012-02-10 0.418605 0.785714 37
2012-02-11 0.475083 0.714286 24
2012-02-12 0.777409 0.642857 13
2012-02-13 0.189369 0.571429 38
2012-02-14 0.777409 0.5 28
2012-02-15 0.817276 0.428571 39
2012-02-16 0.697674 0.357143 34
2012-02-17 1 0.285714 71
2012-02-18 0.983389 0.214286 77
2012-02-19 0.933555 0.142857 79
2012-02-20 0.877076 0.0714286 81
2012-02-21 0.497512 0 50
2012-02-22 0.681592 0.0625 62
2012-02-23 0.651741 0.125 53
2012-02-24 0.761194 0.1875 57
2012-02-25 0.572139 0.25 32
2012-02-26 0.139303 0.3125 17
2012-02-27 0 0.375 38
2012-02-28 0.875622 0.4375 44
2012-02-29 0.935323 0.5 44
2012-03-01 0.855721 0.5625 29
2012-03-02 0.577114 0.625 5
2012-03-03 0.20398 0.6875 48
2012-03-04 0.233831 0.75 52
2012-03-05 0.129353 0.8125 68
2012-03-06 0.109453 0.875 77
2012-03-07 0.139303 0.9375 80
2012-03-08 0.20398 1 80
2012-03-09 0.343284 0.928571 59
2012-03-10 0.761194 0.857143 10
2012-03-11 0.671642 0.785714 11
2012-03-12 0.855721 0.714286 14
2012-03-13 0.80597 0.642857 16
2012-03-14 0.731343 0.571429 16
2012-03-15 0.626866 0.5 13
2012-03-16 0.597015 0.428571 17
2012-03-17 0.791045 0.357143 43
2012-03-18 0.800995 0.285714 52
2012-03-19 0.636816 0.214286 42
2012-03-20 0.870647 0.142857 73
2012-03-21 1 0.0714286 93
2012-03-22 0.546961 0 55
2012-03-23 0.558011 0.0625 50
2012-03-24 0.320442 0.125 20
2012-03-25 0.668508 0.1875 48
2012-03-26 0.519337 0.25 27
2012-03-27 1 0.3125 69
2012-03-28 0.861878 0.375 49
2012-03-29 0.685083 0.4375 25
2012-03-30 0.690608 0.5 19
2012-03-31 0.436464 0.5625 13
2012-04-01 0.0607735 0.625 56
2012-04-02 0.149171 0.6875 54
2012-04-03 0.0718232 0.75 68
2012-04-04 0.18232 0.8125 63
2012-04-05 0 0.875 88
2012-04-06 0.337017 0.9375 60
2012-04-07 0.209945 1 79
2012-04-08 0.220994 0.928571 71
2012-04-09 0.475138 0.857143 38
2012-04-10 0.801105 0.785714 2
2012-04-11 0.756906 0.714286 4
2012-04-12 0.607735 0.642857 4
2012-04-13 0.701657 0.571429 13
2012-04-14 0.61326 0.5 11
2012-04-15 0.696133 0.428571 27
2012-04-16 0.530387 0.357143 17
2012-04-17 0.453039 0.285714 17
2012-04-18 0.712707 0.214286 50
2012-04-19 0.78453 0.142857 64
2012-04-20 0.707182 0.0714286 64
2012-04-21 0 0
2012-04-22 0 0.0625 6
2012-04-23 0.152381 0.125 3
2012-04-24 0.209524 0.1875 2
2012-04-25 0.247619 0.25 0
2012-04-26 0.385714 0.3125 7
2012-04-27 0.466667 0.375 9
2012-04-28 0.433333 0.4375 0
2012-04-29 0.495238 0.5 0
2012-04-30 0.547619 0.5625 1
2012-05-01 0.37619 0.625 25
2012-05-02 0.62381 0.6875 6
2012-05-03 0.780952 0.75 3
2012-05-04 0.428571 0.8125 38
2012-05-05 0.233333 0.875 64
2012-05-06 0.0761905 0.9375 86
2012-05-07 0.138095 1 86
2012-05-08 0.366667 0.928571 56
2012-05-09 0.67619 0.857143 18
2012-05-10 0.8 0.785714 1
2012-05-11 0.780952 0.714286 7
2012-05-12 0.261905 0.642857 38
2012-05-13 0.266667 0.571429 30
2012-05-14 0.438095 0.5 6
2012-05-15 0.67619 0.428571 25
2012-05-16 0.252381 0.357143 10
2012-05-17 0.190476 0.285714 10
2012-05-18 0.442857 0.214286 23
2012-05-19 0.771429 0.142857 63
2012-05-20 1 0.0714286 93
2012-05-21 0.808824 0 81
2012-05-22 1 0.0666667 93
2012-05-23 0.955882 0.133333 82
2012-05-24 0.754902 0.2 55
2012-05-25 0.539216 0.266667 27
2012-05-26 0.627451 0.333333 29
2012-05-27 0.5 0.4 10
2012-05-28 0.926471 0.466667 46
2012-05-29 0.25 0.533333 28
2012-05-30 0.20098 0.6 40
2012-05-31 0.166667 0.666667 50
2012-06-01 0 0.733333 73
2012-06-02 0.0196078 0.8 78
2012-06-03 0.107843 0.866667 76
2012-06-04 0.210784 0.933333 72
2012-06-05 0.186275 1 81
2012-06-06 0.196078 0.928571 73
2012-06-07 0.352941 0.857143 50
2012-06-08 0.441176 0.785714 34
2012-06-09 0.485294 0.714286 23
2012-06-10 0.446078 0.642857 20
2012-06-11 0.5 0.571429 7
2012-06-12 0.490196 0.5 1
2012-06-13 0.642157 0.428571 21
2012-06-14 0.289216 0.357143 7
2012-06-15 0.470588 0.285714 18
2012-06-16 0.70098 0.214286 49
2012-06-17 0.627451 0.142857 48
2012-06-18 0.70098 0.0714286 63
2012-06-19 0.275168 0 28
2012-06-20 0.604027 0.0625 54
2012-06-21 0.563758 0.125 44
2012-06-22 0.442953 0.1875 26
2012-06-23 0.342282 0.25 9
2012-06-24 0.221477 0.3125 9
2012-06-25 0 0.375 38
2012-06-26 0.369128 0.4375 7
2012-06-27 0.322148 0.5 18
2012-06-28 0.52349 0.5625 4
2012-06-29 0.993289 0.625 37
2012-06-30 0.932886 0.6875 25
2012-07-01 0.879195 0.75 13
2012-07-02 0.550336 0.8125 26
2012-07-03 0.630872 0.875 24
2012-07-04 0.711409 0.9375 23
2012-07-05 0.832215 1 17
2012-07-06 0.872483 0.928571 6
2012-07-07 0.919463 0.857143 6
2012-07-08 1 0.785714 21
2012-07-09 0.845638 0.714286 13
2012-07-10 0.577181 0.642857 7
2012-07-11 0.651007 0.571429 8
2012-07-12 0.402685 0.5 10
2012-07-13 0.422819 0.428571 1
2012-07-14 0.543624 0.357143 19
2012-07-15 0.456376 0.285714 17
2012-07-16 0.302013 0.214286 9
2012-07-17 0.322148 0.142857 18
2012-07-18 0.483221 0.0714286 41
2012-07-19 0.0569106 0 6
2012-07-20 0.109756 0.0666667 4
2012-07-21 0.0853659 0.133333 5
2012-07-22 0.150407 0.2 5
2012-07-23 0.345528 0.266667 8
2012-07-24 0.54065 0.333333 21
2012-07-25 0.686992 0.4 29
2012-07-26 0.581301 0.466667 11
2012-07-27 1 0.533333 47
2012-07-28 0.463415 0.6 14
2012-07-29 0.0894309 0.666667 58
2012-07-30 0 0.733333 73
2012-07-31 0.0609756 0.8 74
2012-08-01 0.170732 0.866667 70
2012-08-02 0.443089 0.933333 49
2012-08-03 0.382114 1 62
2012-08-04 0.247967 0.928571 68
2012-08-05 0.243902 0.857143 61
2012-08-06 0.369919 0.785714 42
2012-08-07 0.268293 0.714286 45
2012-08-08 0.0934959 0.642857 55
2012-08-09 0.178862 0.571429 39
2012-08-10 0.00406504 0.5 50
2012-08-11 0.0731707 0.428571 36
2012-08-12 0.186992 0.357143 17
2012-08-13 0.146341 0.285714 14
2012-08-14 0.0121951 0.214286 20
2012-08-15 0.207317 0.142857 6
2012-08-16 0.178862 0.0714286 11
2012-08-17 0.628676 0 63
2012-08-18 0.897059 0.0625 83
2012-08-19 1 0.125 88
2012-08-20 0.845588 0.1875 66
2012-08-21 0.672794 0.25 42
2012-08-22 0.580882 0.3125 27
2012-08-23 0.595588 0.375 22
2012-08-24 0.433824 0.4375 0
2012-08-25 0.459559 0.5 4
2012-08-26 0.474265 0.5625 9
2012-08-27 0.466912 0.625 16
2012-08-28 0.382353 0.6875 31
2012-08-29 0.378676 0.75 37
2012-08-30 0.628676 0.8125 18
2012-08-31 0.430147 0.875 44
2012-09-01 0.338235 0.9375 60
2012-09-02 0.529412 1 47
2012-09-03 0.492647 0.928571 44
2012-09-04 0.459559 0.857143 40
2012-09-05 0.400735 0.785714 38
2012-09-06 0.352941 0.714286 36
2012-09-07 0.4375 0.642857 21
2012-09-08 0.389706 0.571429 18
2012-09-09 0.426471 0.5 7
2012-09-10 0.669118 0.428571 24
2012-09-11 0.430147 0.357143 7
2012-09-12 0.117647 0.285714 17
2012-09-13 0 0.214286 21
2012-09-14 0.3125 0.142857 17
2012-09-15 0.352941 0.0714286 28
2012-09-16 0.931174 0 93
2012-09-17 1 0.0666667 93
2012-09-18 0.838057 0.133333 70
2012-09-19 0.643725 0.2 44
2012-09-20 0.59919 0.266667 33
2012-09-21 0.732794 0.333333 40
2012-09-22 0.59919 0.4 20
2012-09-23 0.591093 0.466667 12
2012-09-24 0.45749 0.533333 8
2012-09-25 0.765182 0.6 17
2012-09-26 0.724696 0.666667 6
2012-09-27 0.736842 0.733333 0
2012-09-28 0.692308 0.8 11
2012-09-29 0.619433 0.866667 25
2012-09-30 0.773279 0.933333 16
2012-10-01 0.789474 1 21
2012-10-02 0.740891 0.928571 19
2012-10-03 0.825911 0.857143 3
2012-10-04 0.57085 0.785714 21
2012-10-05 0.473684 0.714286 24
2012-10-06 0.534413 0.642857 11
2012-10-07 0.506073 0.571429 7
2012-10-08 0.574899 0.5 7
2012-10-09 0.404858 0.428571 2
2012-10-10 0.161943 0.357143 20
2012-10-11 0 0.285714 29
2012-10-12 0.0809717 0.214286 13
2012-10-13 0.392713 0.142857 25
2012-10-14 0.408907 0.0714286 34
2012-10-15 0.707865 0 71
2012-10-16 0.797753 0.0666667 73
2012-10-17 0.835206 0.133333 70
2012-10-18 0.977528 0.2 78
2012-10-19 0.932584 0.266667 67
2012-10-20 1 0.333333 67
2012-10-21 0.970037 0.4 57
2012-10-22 0.842697 0.466667 38
2012-10-23 0.726592 0.533333 19
2012-10-24 0.71161 0.6 11
2012-10-25 0.719101 0.666667 5
2012-10-26 0.355805 0.733333 38
2012-10-27 0.11236 0.8 69
2012-10-28 0 0.866667 87
2012-10-29 0.486891 0.933333 45
2012-10-30 0.40824 1 59
2012-10-31 0.423221 0.928571 51
2012-11-01 0.599251 0.857143 26
2012-11-02 0.629213 0.785714 16
2012-11-03 0.516854 0.714286 20
2012-11-04 0.516854 0.642857 13
2012-11-05 0.47191 0.571429 10
2012-11-06 0.449438 0.5 5
2012-11-07 0.726592 0.428571 30
2012-11-08 0.775281 0.357143 42
2012-11-09 0.749064 0.285714 46
2012-11-10 0.685393 0.214286 47
2012-11-11 0.692884 0.142857 55
2012-11-12 0.595506 0.0714286 52
2012-11-13 0.882494 0 88
2012-11-14 0.976019 0.0625 91
2012-11-15 1 0.125 88
2012-11-16 0.899281 0.1875 71
2012-11-17 0.788969 0.25 54
2012-11-18 0.858513 0.3125 55
2012-11-19 0.693046 0.375 32
2012-11-20 0.906475 0.4375 47
2012-11-21 0.901679 0.5 40
2012-11-22 0.896882 0.5625 33
2012-11-23 0.815348 0.625 19
2012-11-24 0.882494 0.6875 19
2012-11-25 0.839329 0.75 9
2012-11-26 0.947242 0.8125 13
2012-11-27 0.892086 0.875 2
2012-11-28 0.834532 0.9375 10
2012-11-29 0.70024 1 30
2012-11-30 0.604317 0.928571 32
2012-12-01 0.568345 0.857143 29
2012-12-02 0.417266 0.785714 37
2012-12-03 0.402878 0.714286 31
2012-12-04 0.541966 0.642857 10
2012-12-05 0.376499 0.571429 19
2012-12-06 0.314149 0.5 19
2012-12-07 0.570743 0.428571 14
2012-12-08 0.256595 0.357143 10
2012-12-09 0.494005 0.285714 21
2012-12-10 0.513189 0.214286 30
2012-12-11 0.417266 0.142857 27
2012-12-12 0 0.0714286 7
2012-12-13 0 0
2012-12-14 0.416667 0.0666667 35
2012-12-15 0.621528 0.133333 49
2012-12-16 0.711806 0.2 51
2012-12-17 0.746528 0.266667 48
2012-12-18 0.652778 0.333333 32
2012-12-19 0.552083 0.4 15
2012-12-20 0.555556 0.466667 9
2012-12-21 0.538194 0.533333 0
2012-12-22 0.458333 0.6 14
2012-12-23 0.434028 0.666667 23
2012-12-24 0.763889 0.733333 3
2012-12-25 0.847222 0.8 5
2012-12-26 0.916667 0.866667 5
2012-12-27 0.697917 0.933333 24
2012-12-28 0.454861 1 55
2012-12-29 0.847222 0.928571 8
2012-12-30 0.885417 0.857143 3
2012-12-31 0.961806 0.785714 18
2013-01-01 0.923611 0.714286 21
2013-01-02 0.822917 0.642857 18
2013-01-03 0.954861 0.571429 38
2013-01-04 1 0.5 50
2013-01-05 0.690972 0.428571 26
2013-01-06 0.826389 0.357143 47
2013-01-07 0.631944 0.285714 35
2013-01-08 0.868056 0.214286 65
2013-01-09 0.850694 0.142857 71
2013-01-10 0.527778 0.0714286 46
2013-01-11 0.545994 0 55
2013-01-12 0.510386 0.0625 45
2013-01-13 0.534125 0.125 41
2013-01-14 0.477745 0.1875 29
2013-01-15 0.281899 0.25 3
2013-01-16 0 0.3125 31
2013-01-17 0.320475 0.375 5
2013-01-18 0.367953 0.4375 7
2013-01-19 0.284866 0.5 22
2013-01-20 0.151335 0.5625 41
2013-01-21 0.385757 0.625 24
2013-01-22 0.495549 0.6875 19
2013-01-23 0.412463 0.75 34
2013-01-24 0.210682 0.8125 60
2013-01-25 0.0207715 0.875 85
2013-01-26 0.388724 0.9375 55
2013-01-27 0.646884 1 35
2013-01-28 0.703264 0.928571 23
2013-01-29 0.795252 0.857143 6
2013-01-30 1 0.785714 21
2013-01-31 0.896142 0.714286 18
2013-02-01 0.727003 0.642857 8
2013-02-02 0.575668 0.571429 0
2013-02-03 0.545994 0.5 5
2013-02-04 0.765579 0.428571 34
2013-02-05 0.697329 0.357143 34
2013-02-06 0.682493 0.285714 40
2013-02-07 0.593472 0.214286 38
2013-02-08 0.599407 0.142857 46
2013-02-09 0.445104 0.0714286 37
2013-02-10 0.0634921 0 6
2013-02-11 0.380952 0.0666667 31
2013-02-12 0.150794 0.133333 2
2013-02-13 0.325397 0.2 13
2013-02-14 0.515873 0.266667 25
2013-02-15 0.801587 0.333333 47
2013-02-16 0.857143 0.4 46
2013-02-17 0.666667 0.466667 20
2013-02-18 0.825397 0.533333 29
2013-02-19 0.619048 0.6 2
2013-02-20 0.47619 0.666667 19
2013-02-21 0.174603 0.733333 56
2013-02-22 0 0.8 80
2013-02-23 0.396825 0.866667 47
2013-02-24 0.793651 0.933333 14
2013-02-25 0.944444 1 6
2013-02-26 0.753968 0.928571 17
2013-02-27 0.484127 0.857143 37
2013-02-28 1 0.785714 21
2013-03-01 0.761905 0.714286 5
2013-03-02 0.698413 0.642857 6
2013-03-03 0.761905 0.571429 19
2013-03-04 0.404762 0.5 10
2013-03-05 0.619048 0.428571 19
2013-03-06 1 0.357143 64
2013-03-07 0.944444 0.285714 66
2013-03-08 0.690476 0.214286 48
2013-03-09 0.47619 0.142857 33
2013-03-10 0.111111 0.0714286 4
2013-03-11 0.155 0 16
2013-03-12 0 0.0625 6
2013-03-13 0.5 0.125 38
2013-03-14 0.47 0.1875 28
2013-03-15 0.48 0.25 23
2013-03-16 0.42 0.3125 11
2013-03-17 0.615 0.375 24
2013-03-18 0.685 0.4375 25
2013-03-19 0.55 0.5 5
2013-03-20 0.485 0.5625 8
2013-03-21 0.425 0.625 20
2013-03-22 0.25 0.6875 44
2013-03-23 0.235 0.75 52
2013-03-24 0.415 0.8125 40
2013-03-25 0.545 0.875 33
2013-03-26 0.555 0.9375 38
2013-03-27 0.63 1 37
2013-03-28 0.71 0.928571 22
2013-03-29 0.75 0.857143 11
2013-03-30 0.805 0.785714 2
2013-03-31 0.76 0.714286 5
2013-04-01 0.8 0.642857 16
2013-04-02 0.89 0.571429 32
2013-04-03 0.65 0.5 15
2013-04-04 0.81 0.428571 38
2013-04-05 0.905 0.357143 55
2013-04-06 0.985 0.285714 70
2013-04-07 0.94 0.214286 73
2013-04-08 1 0.142857 86
2013-04-09 0.665 0.0714286 59
2013-04-10 0 0
2013-04-11 0.0750853 0.0625 1
2013-04-12 0.197952 0.125 7
2013-04-13 0.215017 0.1875 3
2013-04-14 0.249147 0.25 0
2013-04-15 0.658703 0.3125 35
2013-04-16 0.767918 0.375 39
2013-04-17 0.627986 0.4375 19
2013-04-18 0.56314 0.5 6
2013-04-19 0.47099 0.5625 9
2013-04-20 0.40273 0.625 22
2013-04-21 0.361775 0.6875 33
2013-04-22 0.546075 0.75 20
2013-04-23 0.580205 0.8125 23
2013-04-24 0.587031 0.875 29
2013-04-25 0.460751 0.9375 48
2013-04-26 0.40273 1 60
2013-04-27 0.389078 0.928571 54
2013-04-28 0.382253 0.857143 47
2013-04-29 0.453925 0.785714 33
2013-04-30 0.460751 0.714286 25
2013-05-01 0.399317 0.642857 24
2013-05-02 0.37884 0.571429 19
2013-05-03 0.443686 0.5 6
2013-05-04 0.604096 0.428571 18
2013-05-05 0.699659 0.357143 34
2013-05-06 0.808874 0.285714 52
2013-05-07 0.986348 0.214286 77
2013-05-08 0.948805 0.142857 81
2013-05-09 1 0.0714286 93
2013-05-10 0.308108 0 31
2013-05-11 0.162162 0.0666667 10
2013-05-12 0.172973 0.133333 4
2013-05-13 0 0.2 20
2013-05-14 0.0702703 0.266667 20
2013-05-15 0.540541 0.333333 21
2013-05-16 0.610811 0.4 21
2013-05-17 0.843243 0.466667 38
2013-05-18 1 0.533333 47
2013-05-19 0.275676 0.6 32
2013-05-20 0.551351 0.666667 12
2013-05-21 0.4 0.733333 33
2013-05-22 0.0648649 0.8 74
2013-05-23 0.0162162 0.866667 85
2013-05-24 0.205405 0.933333 73
2013-05-25 0.605405 1 39
2013-05-26 0.243243 0.928571 69
2013-05-27 0.443243 0.857143 41
2013-05-28 0.481081 0.785714 30
2013-05-29 0.437838 0.714286 28
2013-05-30 0.648649 0.642857 1
2013-05-31 0.875676 0.571429 30
2013-06-01 0.751351 0.5 25
2013-06-02 0.416216 0.428571 1
2013-06-03 0.572973 0.357143 22
2013-06-04 0.589189 0.285714 30
2013-06-05 0.335135 0.214286 12
2013-06-06 0.632432 0.142857 49
2013-06-07 0.92973 0.0714286 86
2013-06-08 0.350282 0 35
2013-06-09 0.20339 0.0625 14
2013-06-10 0.457627 0.125 33
2013-06-11 0.463277 0.1875 28
2013-06-12 0.384181 0.25 13
2013-06-13 0.531073 0.3125 22
2013-06-14 0.271186 0.375 10
2013-06-15 0.158192 0.4375 28
2013-06-16 0 0.5 50
2013-06-17 0.389831 0.5625 17
2013-06-18 0.576271 0.625 5
2013-06-19 0.559322 0.6875 13
2013-06-20 1 0.75 25
2013-06-21 0.79096 0.8125 2
2013-06-22 0.531073 0.875 34
2013-06-23 0.451977 0.9375 49
2013-06-24 0.418079 1 58
2013-06-25 0.20339 0.928571 73
2013-06-26 0.175141 0.857143 68
2013-06-27 0.107345 0.785714 68
2013-06-28 0.0847458 0.714286 63
2013-06-29 0.152542 0.642857 49
2013-06-30 0.0112994 0.571429 56
2013-07-01 0.288136 0.5 21
2013-07-02 0.20339 0.428571 23
2013-07-03 0.344633 0.357143 1
2013-07-04 0.717514 0.285714 43
2013-07-05 0.59322 0.214286 38
2013-07-06 0.536723 0.142857 39
2013-07-07 0.621469 0.0714286 55
2013-07-08 0.375887 0 38
2013-07-09 0.411348 0.0666667 34
2013-07-10 0.0212766 0.133333 11
2013-07-11 0.248227 0.2 5
2013-07-12 0.425532 0.266667 16
2013-07-13 0.432624 0.333333 10
2013-07-14 0 0.4 40
2013-07-15 0.241135 0.466667 23
2013-07-16 0.340426 0.533333 19
2013-07-17 0.496454 0.6 10
2013-07-18 0.51773 0.666667 15
2013-07-19 0.496454 0.733333 24
2013-07-20 0.702128 0.8 10
2013-07-21 0.695035 0.866667 17
2013-07-22 0.460993 0.933333 47
2013-07-23 0.588652 1 41
2013-07-24 0.687943 0.928571 24
2013-07-25 0.432624 0.857143 42
2013-07-26 0.574468 0.785714 21
2013-07-27 0.758865 0.714286 4
2013-07-28 0.87234 0.642857 23
2013-07-29 0.453901 0.571429 12
2013-07-30 0.304965 0.5 20
2013-07-31 0.163121 0.428571 27
2013-08-01 0.446809 0.357143 9
2013-08-02 0.843972 0.285714 56
2013-08-03 1 0.214286 79
2013-08-04 0.432624 0.142857 29
2013-08-05 0.58156 0.0714286 51
2013-08-06 1 0 100
2013-08-07 0.66879 0.0625 61
2013-08-08 0.700637 0.125 58
2013-08-09 0.694268 0.1875 51
2013-08-10 0.496815 0.25 25
2013-08-11 0.394904 0.3125 8
2013-08-12 0.33758 0.375 4
2013-08-13 0.273885 0.4375 16
2013-08-14 0.0254777 0.5 47
2013-08-15 0.203822 0.5625 36
2013-08-16 0.490446 0.625 13
2013-08-17 0.471338 0.6875 22
2013-08-18 0.535032 0.75 21
2013-08-19 0.426752 0.8125 39
2013-08-20 0.535032 0.875 34
2013-08-21 0.350318 0.9375 59
2013-08-22 0.33758 1 66
2013-08-23 0.22293 0.928571 71
2013-08-24 0.165605 0.857143 69
2013-08-25 0.248408 0.785714 54
2013-08-26 0.515924 0.714286 20
2013-08-27 0.280255 0.642857 36
2013-08-28 0.420382 0.571429 15
2013-08-29 0.369427 0.5 13
2013-08-30 0.171975 0.428571 26
2013-08-31 0.305732 0.357143 5
2013-09-01 0 0.285714 29
2013-09-02 0.0636943 0.214286 15
2013-09-03 0.0700637 0.142857 7
2013-09-04 0.324841 0.0714286 25
2013-09-05 0.830508 0 83
2013-09-06 1 0.0625 94
2013-09-07 0.872881 0.125 75
2013-09-08 0.847458 0.1875 66
2013-09-09 0.690678 0.25 44
2013-09-10 0.597458 0.3125 28
2013-09-11 0.584746 0.375 21
2013-09-12 0.512712 0.4375 8
2013-09-13 0.65678 0.5 16
2013-09-14 0.605932 0.5625 4
2013-09-15 0.665254 0.625 4
2013-09-16 0.483051 0.6875 20
2013-09-17 0.182203 0.75 57
2013-09-18 0.394068 0.8125 42
2013-09-19 0.152542 0.875 72
2013-09-20 0.347458 0.9375 59
2013-09-21 0.330508 1 67
2013-09-22 0.720339 0.928571 21
2013-09-23 0.559322 0.857143 30
2013-09-24 0.220339 0.785714 57
2013-09-25 0.0466102 0.714286 67
2013-09-26 0.233051 0.642857 41
2013-09-27 0.169492 0.571429 40
2013-09-28 0 0.5 50
2013-09-29 0.0974576 0.428571 33
2013-09-30 0.182203 0.357143 17
2013-10-01 0.211864 0.285714 7
2013-10-02 0.0169492 0.214286 20
2013-10-03 0.0974576 0.142857 5
2013-10-04 0.224576 0.0714286 15
2013-10-05 0.612766 0 61
2013-10-06 0.604255 0.0666667 54
2013-10-07 0.646809 0.133333 51
2013-10-08 0.531915 0.2 33
2013-10-09 0.706383 0.266667 44
2013-10-10 0.493617 0.333333 16
2013-10-11 0.629787 0.4 23
2013-10-12 0.446809 0.466667 2
2013-10-13 0.510638 0.533333 2
2013-10-14 0.395745 0.6 20
2013-10-15 0.442553 0.666667 22
2013-10-16 0.27234 0.733333 46
2013-10-17 0.442553 0.8 36
2013-10-18 0.0212766 0.866667 85
2013-10-19 0 0.933333 93
2013-10-20 0.421277 1 58
2013-10-21 0.574468 0.928571 35
2013-10-22 0.67234 0.857143 18
2013-10-23 1 0.785714 21
2013-10-24 0.561702 0.714286 15
2013-10-25 0.382979 0.642857 26
2013-10-26 0.693617 0.571429 12
2013-10-27 0.612766 0.5 11
2013-10-28 0.646809 0.428571 22
2013-10-29 0.489362 0.357143 13
2013-10-30 0.412766 0.285714 13
2013-10-31 0.340426 0.214286 13
2013-11-01 0.446809 0.142857 30
2013-11-02 0.357447 0.0714286 29
2013-11-03 0.934783 0 93
2013-11-04 0.778261 0.0625 72
2013-11-05 0.917391 0.125 79
2013-11-06 0.604348 0.1875 42
2013-11-07 0.765217 0.25 52
2013-11-08 0.630435 0.3125 32
2013-11-09 0.895652 0.375 52
2013-11-10 0.656522 0.4375 22
2013-11-11 0.526087 0.5 3
2013-11-12 0.834783 0.5625 27
2013-11-13 0.773913 0.625 15
2013-11-14 0.63913 0.6875 5
2013-11-15 0.665217 0.75 8
2013-11-16 1 0.8125 19
2013-11-17 0.634783 0.875 24
2013-11-18 0.643478 0.9375 29
2013-11-19 0.730435 1 27
2013-11-20 0.447826 0.928571 48
2013-11-21 0.426087 0.857143 43
2013-11-22 0.513043 0.785714 27
2013-11-23 0.530435 0.714286 18
2013-11-24 0.517391 0.642857 13
2013-11-25 0.243478 0.571429 33
2013-11-26 0 0.5 50
2013-11-27 0.808696 0.428571 38
2013-11-28 0.773913 0.357143 42
2013-11-29 0.495652 0.285714 21
2013-11-30 0.513043 0.214286 30
2013-12-01 0.8 0.142857 66
2013-12-02 0.195652 0.0714286 12
2013-12-03 0.685106 0 69
2013-12-04 0.702128 0.0666667 64
2013-12-05 0.617021 0.133333 48
2013-12-06 0.459574 0.2 26
2013-12-07 0 0.266667 27
2013-12-08 0.331915 0.333333 0
2013-12-09 0.485106 0.4 9
2013-12-10 0.774468 0.466667 31
2013-12-11 0.744681 0.533333 21
2013-12-12 0.497872 0.6 10
2013-12-13 0.659574 0.666667 1
2013-12-14 0.574468 0.733333 16
2013-12-15 0.719149 0.8 8
2013-12-16 0.851064 0.866667 2
2013-12-17 0.655319 0.933333 28
2013-12-18 0.604255 1 40
2013-12-19 0.702128 0.928571 23
2013-12-20 0.557447 0.857143 30
2013-12-21 0.710638 0.785714 8
2013-12-22 0.8 0.714286 9
2013-12-23 0.629787 0.642857 1
2013-12-24 1 0.571429 43
2013-12-25 0.748936 0.5 25
2013-12-26 0.489362 0.428571 6
2013-12-27 0.680851 0.357143 32
2013-12-28 0.66383 0.285714 38
2013-12-29 0.659574 0.214286 45
2013-12-30 0.642553 0.142857 50
2013-12-31 0.502128 0.0714286 43
2014-01-01 0.636704 0 64
2014-01-02 0.722846 0.0666667 66
2014-01-03 0.883895 0.133333 75
2014-01-04 0.805243 0.2 61
2014-01-05 0.838951 0.266667 57
2014-01-06 0.779026 0.333333 45
2014-01-07 1 0.4 60
2014-01-08 0.913858 0.466667 45
2014-01-09 0.940075 0.533333 41
2014-01-10 0.861423 0.6 26
2014-01-11 0.816479 0.666667 15
2014-01-12 0.588015 0.733333 15
2014-01-13 0.235955 0.8 56
2014-01-14 0.599251 0.866667 27
2014-01-15 0.554307 0.933333 38
2014-01-16 0.498127 1 50
2014-01-17 0.468165 0.928571 46
2014-01-18 0.483146 0.857143 37
2014-01-19 0.483146 0.785714 30
2014-01-20 0.468165 0.714286 25
2014-01-21 0.449438 0.642857 19
2014-01-22 0.325843 0.571429 25
2014-01-23 0.292135 0.5 21
2014-01-24 0.168539 0.428571 26
2014-01-25 0 0.357143 36
2014-01-26 0.0149813 0.285714 27
2014-01-27 0.17603 0.214286 4
2014-01-28 0.344569 0.142857 20
2014-01-29 0.104869 0.0714286 3
2014-01-30 0 0
2014-01-31 0.172775 0.0625 11
2014-02-01 0.518325 0.125 39
2014-02-02 0.554974 0.1875 37
2014-02-03 0.492147 0.25 24
2014-02-04 0.39267 0.3125 8
2014-02-05 0.387435 0.375 1
2014-02-06 0.602094 0.4375 16
2014-02-07 0.900524 0.5 40
2014-02-08 0.837696 0.5625 28
2014-02-09 0.86911 0.625 24
2014-02-10 0.701571 0.6875 1
2014-02-11 0.670157 0.75 8
2014-02-12 0.570681 0.8125 24
2014-02-13 0.617801 0.875 26
2014-02-14 0.764398 0.9375 17
2014-02-15 0.979058 1 2
2014-02-16 0.963351 0.928571 3
2014-02-17 0.806283 0.857143 5
2014-02-18 0.659686 0.785714 13
2014-02-19 0.811518 0.714286 10
2014-02-20 0.926702 0.642857 28
2014-02-21 1 0.571429 43
2014-02-22 0.82199 0.5 32
2014-02-23 0.82199 0.428571 39
2014-02-24 0.774869 0.357143 42
2014-02-25 0.748691 0.285714 46
2014-02-26 0.748691 0.214286 53
2014-02-27 0.764398 0.142857 62
2014-02-28 0.816754 0.0714286 75
2014-03-01 0.14966 0 15
2014-03-02 0.136054 0.0666667 7
2014-03-03 0.170068 0.133333 4
2014-03-04 0.238095 0.2 4
2014-03-05 0.238095 0.266667 3
2014-03-06 0 0.333333 33
2014-03-07 0.380952 0.4 2
2014-03-08 0.258503 0.466667 21
2014-03-09 0.380952 0.533333 15
2014-03-10 0.408163 0.6 19
2014-03-11 0.183673 0.666667 48
2014-03-12 0.0136054 0.733333 72
2014-03-13 0.231293 0.8 57
2014-03-14 0.496599 0.866667 37
2014-03-15 0.632653 0.933333 30
2014-03-16 0.632653 1 37
2014-03-17 0.816327 0.928571 11
2014-03-18 0.789116 0.857143 7
2014-03-19 0.768707 0.785714 2
2014-03-20 1 0.714286 29
2014-03-21 0.727891 0.642857 9
2014-03-22 0.278912 0.571429 29
2014-03-23 0.353741 0.5 15
2014-03-24 0.190476 0.428571 24
2014-03-25 0 0.357143 36
2014-03-26 0.272109 0.285714 1
2014-03-27 0.183673 0.214286 3
2014-03-28 0.598639 0.142857 46
2014-03-29 0.598639 0.0714286 53
2014-03-30 0.316832 0 32
2014-03-31 0.0891089 0.0625 3
2014-04-01 0.118812 0.125 1
2014-04-02 0.0247525 0.1875 16
2014-04-03 0.207921 0.25 4
2014-04-04 0 0.3125 31
2014-04-05 0.123762 0.375 25
2014-04-06 0.514851 0.4375 8
2014-04-07 0.876238 0.5 38
2014-04-08 0.678218 0.5625 12
2014-04-09 0.341584 0.625 28
2014-04-10 0.311881 0.6875 38
2014-04-11 0.430693 0.75 32
2014-04-12 0.282178 0.8125 53
2014-04-13 0.539604 0.875 34
2014-04-14 0.331683 0.9375 61
2014-04-15 0.425743 1 57
2014-04-16 0.277228 0.928571 65
2014-04-17 0.455446 0.857143 40
2014-04-18 0.415842 0.785714 37
2014-04-19 0.70297 0.714286 1
2014-04-20 1 0.642857 36
2014-04-21 0.910891 0.571429 34
2014-04-22 0.945545 0.5 45
2014-04-23 0.792079 0.428571 36
2014-04-24 0.524752 0.357143 17
2014-04-25 0.762376 0.285714 48
2014-04-26 0.891089 0.214286 68
2014-04-27 0.945545 0.142857 80
2014-04-28 0.935644 0.0714286 86
2014-04-29 0.442379 0 44
2014-04-30 0.36803 0.0666667 30
2014-05-01 0.152416 0.133333 2
2014-05-02 0 0.2 20
2014-05-03 0.234201 0.266667 3
2014-05-04 0.0966543 0.333333 24
2014-05-05 0.0446097 0.4 36
2014-05-06 0.189591 0.466667 28
2014-05-07 0.226766 0.533333 31
2014-05-08 0.249071 0.6 35
2014-05-09 0.226766 0.666667 44
2014-05-10 0.241636 0.733333 49
2014-05-11 0.297398 0.8 50
2014-05-12 0.237918 0.866667 63
2014-05-13 0.182156 0.933333 75
2014-05-14 0.200743 1 80
2014-05-15 0.204461 0.928571 72
2014-05-16 0.390335 0.857143 47
2014-05-17 0.572491 0.785714 21
2014-05-18 0.36803 0.714286 35
2014-05-19 0.464684 0.642857 18
2014-05-20 0.520446 0.571429 5
2014-05-21 0.933086 0.5 43
2014-05-22 1 0.428571 57
2014-05-23 0.933086 0.357143 58
2014-05-24 0.650558 0.285714 36
2014-05-25 0.810409 0.214286 60
2014-05-26 0.747212 0.142857 60
2014-05-27 0.405204 0.0714286 33
2014-05-28 0 0
2014-05-29 0.263158 0.0625 20
2014-05-30 0.698565 0.125 57
2014-05-31 0.478469 0.1875 29
2014-06-01 0.593301 0.25 34
2014-06-02 0.641148 0.3125 33
2014-06-03 0.401914 0.375 3
2014-06-04 0.368421 0.4375 7
2014-06-05 0.497608 0.5 0
2014-06-06 0.598086 0.5625 4
2014-06-07 0.727273 0.625 10
2014-06-08 0.952153 0.6875 26
2014-06-09 1 0.75 25
2014-06-10 0.980861 0.8125 17
2014-06-11 0.937799 0.875 6
2014-06-12 0.751196 0.9375 19
2014-06-13 0.598086 1 40
2014-06-14 0.569378 0.928571 36
2014-06-15 0.76555 0.857143 9
2014-06-16 0.698565 0.785714 9
2014-06-17 0.751196 0.714286 4
2014-06-18 0.91866 0.642857 28
2014-06-19 0.38756 0.571429 18
2014-06-20 0.62201 0.5 12
2014-06-21 0.416268 0.428571 1
2014-06-22 0.511962 0.357143 15
2014-06-23 0.444976 0.285714 16
2014-06-24 0.392344 0.214286 18
2014-06-25 0.593301 0.142857 45
2014-06-26 0.511962 0.0714286 44
2014-06-27 0.134831 0 13
2014-06-28 0.162921 0.0625 10
2014-06-29 0.0168539 0.125 11
2014-06-30 0.286517 0.1875 10
2014-07-01 0 0.25 25
2014-07-02 0.264045 0.3125 5
2014-07-03 0.179775 0.375 20
2014-07-04 0.539326 0.4375 10
2014-07-05 0.595506 0.5 10
2014-07-06 0.808989 0.5625 25
2014-07-07 0.646067 0.625 2
2014-07-08 0.735955 0.6875 5
2014-07-09 1 0.75 25
2014-07-10 0.921348 0.8125 11
2014-07-11 0.511236 0.875 36
2014-07-12 0.134831 0.9375 80
2014-07-13 0.0617978 1 94
2014-07-14 0.224719 0.928571 70
2014-07-15 0.460674 0.857143 40
2014-07-16 0.426966 0.785714 36
2014-07-17 0.477528 0.714286 24
2014-07-18 0.668539 0.642857 3
2014-07-19 0.803371 0.571429 23
2014-07-20 0.646067 0.5 15
2014-07-21 0.735955 0.428571 31
2014-07-22 0.707865 0.357143 35
2014-07-23 0.88764 0.285714 60
2014-07-24 0.808989 0.214286 59
2014-07-25 0.865169 0.142857 72
2014-07-26 0.865169 0.0714286 79
2014-07-27 0.957746 0 96
2014-07-28 0.962441 0.0666667 90
2014-07-29 1 0.133333 87
2014-07-30 0.633803 0.2 43
2014-07-31 0.746479 0.266667 48
2014-08-01 0.7277 0.333333 39
2014-08-02 0.732394 0.4 33
2014-08-03 0.892019 0.466667 43
2014-08-04 0.596244 0.533333 6
2014-08-05 0.652582 0.6 5
2014-08-06 0.610329 0.666667 6
2014-08-07 0.741784 0.733333 1
2014-08-08 0.478873 0.8 32
2014-08-09 0.638498 0.866667 23
2014-08-10 0.375587 0.933333 56
2014-08-11 0.58216 1 42
2014-08-12 0.478873 0.928571 45
2014-08-13 0.394366 0.857143 46
2014-08-14 0.375587 0.785714 41
2014-08-15 0.244131 0.714286 47
2014-08-16 0.276995 0.642857 37
2014-08-17 0.112676 0.571429 46
2014-08-18 0.150235 0.5 35
2014-08-19 0.126761 0.428571 30
2014-08-20 0.122066 0.357143 24
2014-08-21 0.084507 0.285714 20
2014-08-22 0 0.214286 21
2014-08-23 0.0704225 0.142857 7
2014-08-24 0.0422535 0.0714286 3
2014-08-25 0.579439 0 58
2014-08-26 0.570093 0.0625 51
2014-08-27 0.878505 0.125 75
2014-08-28 0.738318 0.1875 55
2014-08-29 0.719626 0.25 47
2014-08-30 0.771028 0.3125 46
2014-08-31 0.803738 0.375 43
2014-09-01 0.85514 0.4375 42
2014-09-02 0.700935 0.5 20
2014-09-03 0.747664 0.5625 19
2014-09-04 0.785047 0.625 16
2014-09-05 0.962617 0.6875 28
2014-09-06 0.981308 0.75 23
2014-09-07 1 0.8125 19
2014-09-08 0.85514 0.875 2
2014-09-09 0.691589 0.9375 25
2014-09-10 0.696262 1 30
2014-09-11 0.799065 0.928571 13
2014-09-12 0.808411 0.857143 5
2014-09-13 0.785047 0.785714 0
2014-09-14 0.88785 0.714286 17
2014-09-15 0.803738 0.642857 16
2014-09-16 0.733645 0.571429 16
2014-09-17 0.82243 0.5 32
2014-09-18 0.803738 0.428571 38
2014-09-19 0.82243 0.357143 47
2014-09-20 0.766355 0.285714 48
2014-09-21 0.817757 0.214286 60
2014-09-22 0.294393 0.142857 15
2014-09-23 0 0.0714286 7
2014-09-24 0.755556 0 76
2014-09-25 0.488889 0.0666667 42
2014-09-26 1 0.133333 87
2014-09-27 0.577778 0.2 38
2014-09-28 0.8 0.266667 53
2014-09-29 0.455556 0.333333 12
2014-09-30 0.477778 0.4 8
2014-10-01 0.477778 0.466667 1
2014-10-02 0.877778 0.533333 34
2014-10-03 0.5 0.6 10
2014-10-04 0.8 0.666667 13
2014-10-05 0.188889 0.733333 54
2014-10-06 0.111111 0.8 69
2014-10-07 0.577778 0.866667 29
2014-10-08 0.266667 0.933333 67
2014-10-09 0.977778 1 2
2014-10-10 0.344444 0.928571 58
2014-10-11 0.244444 0.857143 61
2014-10-12 0.144444 0.785714 64
2014-10-13 0 0.714286 71
2014-10-14 0.0111111 0.642857 63
2014-10-15 0.155556 0.571429 42
2014-10-16 0.233333 0.5 27
2014-10-17 0.133333 0.428571 30
2014-10-18 0.466667 0.357143 11
2014-10-19 0.955556 0.285714 67
2014-10-20 0.6 0.214286 39
2014-10-21 0.0333333 0.142857 11
2014-10-22 0.0444444 0.0714286 3
2014-10-23 0.686813 0 69
2014-10-24 0.818681 0.0625 76
2014-10-25 0.736264 0.125 61
2014-10-26 0.802198 0.1875 61
2014-10-27 1 0.25 75
2014-10-28 0.642857 0.3125 33
2014-10-29 0.538462 0.375 16
2014-10-30 0 0.4375 44
2014-10-31 0.626374 0.5 13
2014-11-01 0.895604 0.5625 33
2014-11-02 0.846154 0.625 22
2014-11-03 1 0.6875 31
2014-11-04 0.835165 0.75 9
2014-11-05 0.637363 0.8125 18
2014-11-06 0.571429 0.875 30
2014-11-07 0.39011 0.9375 55
2014-11-08 0.60989 1 39
2014-11-09 0.576923 0.928571 35
2014-11-10 0.604396 0.857143 25
2014-11-11 0.478022 0.785714 31
2014-11-12 0.802198 0.714286 9
2014-11-13 0.686813 0.642857 4
2014-11-14 0.692308 0.571429 12
2014-11-15 0.626374 0.5 13
2014-11-16 0.510989 0.428571 8
2014-11-17 0.505495 0.357143 15
2014-11-18 0.412088 0.285714 13
2014-11-19 0.137363 0.214286 8
2014-11-20 0.197802 0.142857 5
2014-11-21 0.186813 0.0714286 12
2014-11-22 0.685039 0 69
2014-11-23 0.929134 0.0625 87
2014-11-24 0.968504 0.125 84
2014-11-25 0.433071 0.1875 25
2014-11-26 0.645669 0.25 40
2014-11-27 0.385827 0.3125 7
2014-11-28 0.275591 0.375 10
2014-11-29 0.0787402 0.4375 36
2014-11-30 0.0708661 0.5 43
2014-12-01 0.0472441 0.5625 52
2014-12-02 0 0.625 62
2014-12-03 0.0787402 0.6875 61
2014-12-04 0.307087 0.75 44
2014-12-05 0.496063 0.8125 32
2014-12-06 0.291339 0.875 58
2014-12-07 0.330709 0.9375 61
2014-12-08 0.417323 1 58
2014-12-09 0.409449 0.928571 52
2014-12-10 0.433071 0.857143 42
2014-12-11 0.425197 0.785714 36
2014-12-12 0.472441 0.714286 24
2014-12-13 0.559055 0.642857 8
2014-12-14 0.125984 0.571429 45
2014-12-15 0.503937 0.5 0
2014-12-16 0.338583 0.428571 9
2014-12-17 0.519685 0.357143 16
2014-12-18 1 0.285714 71
2014-12-19 0.929134 0.214286 71
2014-12-20 0.385827 0.142857 24
2014-12-21 0.598425 0.0714286 53
